F 1805.975939686841 1833.955344210221 3.725538902068753
D C 364.9 -287.9 1415.4 -461.6 1742.8 248.9 1129.7 565.4 538.4 591.2 896.5 1317.5
W C 1342.9 1873.0 489.2 665.4 1175.2 739.4 1682.8 1043.9 370.6 1438.7 1784.4 240.5
F 1806.1516389558994 1834.9737845874356 3.7258527140081075
D C 366.0 -288.8 1416.7 -462.0 1741.8 248.8 1129.9 565.4 540.6 593.7 897.6 1319.0
W C 1341.6 1874.0 490.5 666.7 1175.6 740.1 1682.7 1041.6 369.6 1438.9 1785.0 239.7
F 1806.0066519885297 1836.6351771822042 3.7265702195864057
D C 366.2 -289.0 1418.2 -462.5 1741.8 248.8 1131.1 566.1 541.5 594.6 900.0 1322.6
W C 1341.1 1875.4 491.2 667.4 1175.6 740.1 1682.9 1041.9 368.3 1439.2 1786.0 237.0
F 1805.8352635628455 1834.0375341851063 3.72564872486809
D C 366.2 -288.9 1417.4 -462.3 1737.0 248.1 1129.5 565.3 540.5 593.6 896.8 1317.9
W C 1341.0 1873.2 493.6 669.3 1175.2 739.6 1682.2 1040.8 368.5 1438.1 1784.4 240.0
F 1806.6417483063567 1833.3419697020681 3.7249817278959454
D C 365.1 -288.1 1419.4 -462.9 1739.8 248.5 1128.6 564.8 537.0 589.7 898.0 1319.6
W C 1343.2 1872.7 491.5 667.5 1175.9 740.3 1683.3 1045.4 367.0 1437.8 1784.1 237.4
F 1805.047246206229 1833.8229798862988 3.725944075220888
D C 365.1 -288.1 1413.4 -460.9 1740.2 248.6 1129.9 565.5 538.2 591.0 896.5 1317.5
W C 1341.5 1872.7 490.7 666.5 1174.6 738.8 1682.2 1044.0 371.9 1438.6 1784.1 240.4
F 1805.3056589895345 1834.621022992028 3.7261354102403077
D C 364.7 -287.8 1418.5 -462.6 1734.9 247.8 1132.6 566.8 539.8 592.8 897.2 1318.4
W C 1342.3 1873.4 495.2 670.6 1173.5 736.9 1682.3 1042.4 367.1 1437.7 1784.6 240.0
F 1805.346039808956 1835.2635297425422 3.7263610323755243
D C 364.9 -287.9 1417.5 -462.3 1738.0 248.2 1131.9 566.5 540.7 593.8 897.5 1318.9
W C 1342.1 1873.9 493.2 668.9 1174.2 738.1 1682.3 1041.7 368.2 1438.3 1785.0 240.1
F 1805.5364391918683 1835.428214439915 3.72633191423738
D C 365.2 -288.2 1416.6 -462.0 1739.8 248.5 1132.5 566.8 539.6 592.6 898.1 1319.8
W C 1341.9 1874.2 491.9 667.8 1174.0 737.7 1682.7 1043.5 369.3 1438.7 1785.2 239.1
F 1806.302381806048 1834.4686245366265 3.72493710806843
D C 365.8 -288.6 1417.7 -457.6 1739.7 248.5 1129.9 565.5 539.5 592.4 897.2 1318.4
W C 1342.0 1873.9 491.2 668.8 1174.7 740.1 1682.4 1042.8 371.0 1435.4 1783.7 239.9
F 1805.43859720734 1835.912118321328 3.726566276294416
D C 364.1 -287.3 1419.0 -462.8 1739.0 248.4 1133.0 567.0 539.7 592.7 898.8 1320.8
W C 1343.3 1874.4 492.8 668.6 1173.9 737.6 1682.7 1043.7 366.8 1438.2 1785.4 238.5
F 1806.3098032797654 1835.010468301429 3.7257866230549332
D C 364.5 -287.7 1416.9 -462.1 1743.3 249.0 1132.5 566.8 539.1 592.1 896.9 1318.1
W C 1343.6 1873.9 489.5 665.8 1174.2 737.6 1683.1 1043.8 369.6 1439.0 1785.1 240.9
F 1807.6210746093534 1835.0619161819914 3.725170330260696
D C 365.0 -288.0 1423.0 -464.1 1741.8 248.8 1130.1 565.6 541.0 594.1 897.9 1319.5
W C 1344.3 1874.3 491.2 667.7 1176.2 740.4 1683.5 1041.2 364.4 1438.2 1785.4 239.2
F 1805.716627405061 1834.5104574469542 3.725885560419458
D C 365.2 -288.2 1416.0 -461.8 1740.2 248.6 1131.2 566.1 539.4 592.4 896.8 1317.9
W C 1342.1 1873.4 491.3 667.3 1174.5 738.4 1682.6 1042.8 369.9 1438.6 1784.7 240.5
F 1788.9287526597789 1818.0918261288725 3.7212946542917216
D C 352.2 -286.8 1402.9 -457.5 1715.5 250.4 1074.3 550.0 518.5 594.6 878.1 1325.0
W C 1337.2 1865.1 490.8 668.9 1191.5 769.5 1680.8 1036.6 364.6 1432.4 1780.1 228.6
F 1759.1275897799317 1800.505293510112 3.727021258099031
D C 313.8 -287.5 1365.2 -463.9 1681.8 240.2 1048.8 549.2 488.9 592.9 846.9 1321.6
W C 1338.7 1866.7 490.1 671.0 1188.5 763.2 1679.3 1036.2 364.9 1432.7 1783.5 231.1
F 1719.2742610428932 1786.9646612707575 3.7262910501217514
D C 279.2 -282.2 1324.1 -454.4 1640.5 244.6 1000.7 547.8 445.3 586.2
W C 1330.7 1868.2 486.3 677.5 1187.1 777.9 1671.5 1052.4 364.3 1435.1
F 1695.0711080766487 1781.174353072417 3.735591737911884
D C 260.9 -280.4 1277.2 -447.1 1622.9 242.0 985.4 543.3 432.6 584.3
W C 1321.9 1867.5 485.6 672.3 1182.6 779.4 1663.5 1054.9 386.4 1436.9
F 1652.7517016427164 1753.0450892660965 3.7316673818317594
D C 216.5 -277.0 1229.1 -443.0 1564.3 248.0 933.0 544.7 379.5 588.2
W C 1318.7 1862.7 490.9 676.6 1180.6 781.3 1664.7 1053.1 385.0 1437.2
F 1627.2876716716669 1735.7947905931471 3.73254470410231
D C 187.9 -278.9 1197.8 -440.1 1532.9 243.0 902.1 541.6 348.6 590.7
W C 1315.9 1862.7 489.8 680.0 1180.0 783.5 1667.0 1051.0 387.4 1433.8
F 1600.3268140246712 1721.1917541198507 3.7342619343321393
D C 155.6 -276.2 1169.5 -441.9 1500.5 242.6 873.3 546.4 318.8 593.1
W C 1316.9 1863.4 491.2 681.8 1181.2 780.1 1667.2 1051.2 383.4 1434.5
F 1570.3382502757993 1700.9491721224401 3.7318032045995158
D C 124.8 -274.1 1131.1 -439.3 1466.0 246.2 832.9 546.4 280.4 594.1
W C 1314.1 1859.3 489.4 680.5 1182.5 783.5 1668.0 1051.3 386.1 1436.4
F 1557.9108689581317 1692.0846336158154 3.7280553826913323
D C 113.1 -277.2 1117.5 -438.0 1443.4 251.6 818.1 551.1 264.3 597.6
W C 1310.3 1860.4 494.9 683.8 1181.6 780.3 1668.4 1048.1 384.7 1438.4
F 1516.127193341888 1666.784752029489 3.731081924580497
D C 67.3 -274.8 1066.3 -436.9 1395.6 247.7 770.4 547.0 214.8 601.8
W C 1307.4 1857.8 493.7 685.0 1179.9 783.9 1672.1 1047.1 386.9 1437.2
F 1503.7344448764904 1630.7596535915445 3.7159010465935536
D C 1026.6 -435.5 1364.7 246.5 735.6 539.4 184.2 595.6
W C 491.9 682.5 1179.2 778.3 1672.7 1030.7 405.2 1438.6
F 1473.0885693586652 1613.0112210810623 3.712335423887004
D C 997.1 -433.8 1324.9 251.9 698.2 545.7 146.0 600.5
W C 494.3 685.2 1180.4 776.6 1674.6 1028.8 399.7 1439.4
F 1450.8191617164011 1587.9015838609541 3.7166119491007388
D C 958.2 -434.5 1292.7 249.9 666.4 544.3 474.7 1317.1 112.0 603.8
W C 501.9 675.2 1187.6 768.7 1685.3 1020.3 410.4 1431.4 1768.7 224.5
F 1416.0020462339705 1580.246231302544 3.720595465369625
D C -47.4 -285.1 925.1 -422.9 1257.2 251.0 631.5 545.5 438.5 1317.1 81.6 604.0
W C 1299.7 1844.8 501.1 682.2 1186.0 778.1 1678.2 1030.0 410.3 1428.0 1769.7 237.8
F 1389.8322477563854 1562.1919691688204 3.720166523779409
D C -78.6 -288.4 896.0 -426.3 1220.4 251.5 601.9 546.3 407.1 1316.5 48.0 606.7
W C 1298.0 1846.6 505.6 684.3 1184.7 775.6 1681.4 1027.9 406.5 1429.2 1768.9 237.3
F 1353.8443365294584 1526.1632413226162 3.7148970243629322
D C 848.2 -429.4 1172.2 252.8 550.1 540.9 358.9 1316.4 -4.2 609.6
W C 506.2 677.9 1185.1 773.3 1688.0 1016.3 408.4 1426.9 1766.4 225.6
F 1338.065528795054 1519.290221383335 3.7148815332993035
D C 833.9 -428.6 1149.7 255.4 535.0 545.7 342.8 1320.9 -21.1 610.9
W C 510.7 681.1 1184.6 770.6 1687.1 1017.5 405.0 1427.1 1766.6 223.6
F 1310.8248524791363 1503.4113743430676 3.7192244045465293
D C 801.3 -430.7 1119.8 252.3 506.2 542.3 317.0 1321.4 -51.5 614.4
W C 510.5 680.6 1182.9 772.7 1689.5 1016.8 404.3 1426.7 1766.7 223.3
F 1263.9849979436326 1476.3294115391334 3.718529916185421
D C 743.2 -420.3 1069.2 254.8 450.7 543.2 262.7 1326.0 -104.8 612.2
W C 506.8 679.6 1182.5 775.2 1685.7 1020.4 411.9 1423.2 1767.1 221.6
F 1251.4984982958547 1465.3793992895025 3.7202187801735023
D C 724.6 -421.6 1054.6 251.3 437.8 541.0 248.2 1316.0 -122.5 613.4
W C 506.0 678.3 1180.8 773.0 1689.5 1018.8 414.2 1422.1 1763.4 227.9
F 1211.1492497585773 1442.0101299815963 3.7199915012977844
D C 681.4 -422.0 1006.0 252.8 390.4 541.0 199.3 1322.5 -167.7 618.9
W C 507.0 680.4 1180.0 775.6 1689.9 1015.5 409.9 1422.9 1767.3 225.7
F 1197.5813894355326 1434.2996278927503 3.718595138182531
D C 664.2 -417.0 990.9 255.5 375.1 544.0 182.3 1319.4 -184.1 619.0
W C 506.5 679.7 1180.0 773.8 1689.6 1016.0 413.5 1421.5 1764.5 229.1
F 1173.1787889566303 1409.1732046793718 3.707017959624271
D C 632.6 -416.4 954.7 261.8 340.5 546.0 145.9 1324.3
W C 507.4 676.6 1178.2 765.7 415.9 1421.8 1759.5 212.8
F 1146.8994610298696 1393.0548890042674 3.7093852094811712
D C 600.0 -416.4 924.3 259.6 313.0 545.7 117.1 1324.1
W C 507.2 677.1 1176.5 764.6 417.1 1421.5 1760.2 213.8
F 1115.6257775550416 1378.6072807378573 3.712774177132535
D C 565.1 -415.8 892.5 259.6 281.0 546.6 85.1 1335.0
W C 505.1 677.7 1174.8 766.9 415.4 1422.9 1765.7 209.5
F 1075.1755980213254 1355.0421638982261 3.705504429956936
D C 518.1 -408.9 845.8 268.6 232.5 552.9 27.6 1332.7
W C 504.0 676.0 1174.2 763.5 418.7 1423.7 1764.2 213.9
F 1065.3271060610646 1346.3469929695727 3.710062209592707
D C 506.2 -414.8 830.8 263.9 219.6 550.2 23.5 1330.5
W C 507.2 676.7 1176.5 764.5 415.5 1423.4 1761.8 212.5
F 1038.3194951840371 1329.293984722131 3.70524457657689
D C 477.6 -411.3 797.6 264.2 186.2 548.0 -17.4 1336.7
W C 505.2 679.8 1173.7 766.6 414.9 1421.8 1767.2 208.7
F 1010.4848721487166 1314.5780062399344 3.710168797615283
D C 442.9 -413.4 768.5 265.0 157.6 551.3 -42.1 1337.7
W C 505.6 677.4 1174.5 765.2 414.7 1424.4 1766.2 210.0
F 981.8474313963258 1296.5852195313082 3.706115870941105
D C 412.3 -411.7 732.1 265.1 123.6 552.2 -83.4 1341.0
W C 505.2 680.9 1172.9 764.0 413.2 1423.8 1769.8 208.3
F 969.2021920266438 1288.883314668873 3.705417256383907
D C 396.0 -412.7 718.6 267.7 109.5 552.9 -99.9 1340.5
W C 504.9 678.6 1172.1 763.0 413.9 1426.1 1770.0 209.3
F 928.7351416441614 1265.267687368851 3.703590110901758
D C 351.1 -414.0 669.9 270.9 62.8 555.0 -150.2 1344.9
W C 506.2 679.1 1171.3 762.2 411.1 1428.5 1772.5 207.3
F 901.646720441936 1249.936417609022 3.705165043180873
D C 320.9 -415.8 639.9 270.2 31.9 553.6 -180.6 1353.2
W C 505.1 679.6 1170.4 764.9 408.3 1430.0 1777.2 202.5
F 877.7224930752898 1234.6602618122797 3.703472970821608
D C 291.5 -415.9 612.0 274.1 1.3 557.3 -209.2 1346.5
W C 505.8 676.7 1173.6 762.3 409.5 1431.3 1772.1 206.7
F 841.7077078448319 1222.1887071856745 3.6962112020000073
D C 259.1 -419.8 579.9 274.8 -29.7 560.6
W C 493.4 683.2 1162.2 761.2 400.4 1442.6
F 802.5390424741066 1198.806405850537 3.6948035817736273
D C 214.4 -418.7 534.3 275.6 -76.7 561.9
W C 492.8 683.6 1163.1 761.0 400.1 1442.4
F 788.4629750154272 1193.2363086790365 3.6924810007972075
D C 201.0 -417.5 520.5 278.7 -95.3 567.1
W C 490.9 683.3 1166.5 759.9 398.7 1443.8
F 749.3585138939765 1169.8295321530152 3.6905888336252204
D C 156.5 -420.1 471.2 282.9 -139.0 568.0
W C 495.0 682.6 1164.3 757.9 396.6 1446.5
F 734.4349320479963 1163.8049600665554 3.6891963568483015
D C 142.9 -418.5 452.7 285.2 -155.2 572.6
W C 496.4 684.6 1165.0 755.7 394.6 1446.7
F 694.5845240341462 1152.6773183114956 3.688379647574988
D C 110.2 -416.7 423.6 285.4
W C 481.1 688.7 383.9 1451.3
F 655.8570261849228 1126.9717414166262 3.6803571903965318
D C 66.5 -419.3 375.4 287.9
W C 481.3 687.2 383.7 1452.8
F 640.98824379087 1116.1396842808756 3.6738052148407507
D C 49.9 -423.1 356.3 291.0
W C 481.7 684.6 383.3 1455.4
F 600.4291011009332 1093.3559104390054 3.671442749084073
D C 4.2 -422.5 309.2 293.0
W C 481.7 684.2 383.3 1455.8
F 586.6667625059918 1082.5420011168778 3.6664958478173864
D C -11.4 -425.9 290.8 293.1
W C 481.8 683.2 383.2 1456.8
F 559.9326584583506 1067.208706914053 3.658527459849211
D C -39.0 -426.5 257.8 295.7
W C 481.9 682.7 383.1 1457.3
F 516.5150520160844 1040.6701325941394 3.6496543700724597
D C -86.6 -430.1 204.9 297.1
W C 482.1 681.4 382.9 1458.6
F 502.58670275560013 1030.8076388769182 3.6467424183085324
D C -102.3 -432.3 187.1 295.9
W C 482.1 681.3 382.9 1458.7
F 460.6667656663361 1007.4283919008325 3.6364305217653343
D C -146.8 -436.5 137.0 299.6
W C 482.4 678.7 382.6 1461.3
F 449.13855729834813 999.4106046991437 3.6491035588025946
D C -165.7 -434.5 126.2 295.0
W C 482.2 680.3 382.8 1459.7
F 412.4705430956243 973.1556585200769 3.7468235588025944
D C 111.4 279.3
W C
F 378.79504616318303 925.9858708603805 3.9057440175505027
D C 87.3 262.1 -513.4 1503.6
W C 497.2 676.4 1789.8 195.6
F 371.4452669674606 911.7377720813041 3.9340966392459182
D C 78.5 256.7 -485.0 1510.9
W C 499.1 675.6 1787.9 196.4
F 342.5162664277642 868.7521542422284 4.034132555673775
D C 53.9 237.6 -385.1 1552.8
W C 493.7 677.6 1793.3 194.4
F 333.4440036641775 854.005449798871 4.063325882117311
D C 44.0 233.1 -357.2 1562.8
W C 492.6 678.1 1794.4 193.9
F 315.9709893677076 825.8407521549291 4.136015960057681
D C 28.3 225.5 -276.6 1587.1
W C 489.6 679.2 1797.4 192.8
F 295.8691896363316 785.2716932160386 4.2360626267243475
D C 12.0 220.5
W C
F 280.35270222101843 743.8506316011714 4.336109293391014
D C -3.5 218.5
W C
F 268.5937938775791 700.4963279835946 4.431502626724347
D C -31.5 220.8
W C
F 268.5937938775791 700.4963279835946 4.431502626724347
D C
W C
F 265.4582410057379 654.7912161384613 4.615309293391014
D C 122.1 1605.2
W C
F 271.46169435126336 610.3769520039297 4.81307596005768
D C 253.5 1583.1
W C
F 285.23784451951934 568.501663467403 4.9968826267243465
D C 310.7 1567.9
W C
F 287.5339841342592 639.9579492523624 4.744285077647769
D C 493.5 1497.5 -73.5 911.2
W C 1196.0 742.5 1800.0 194.5
F 294.4571045676063 636.7970178760465 4.781159671962714
D C 546.3 1473.2 -45.1 905.1
W C 1194.3 744.0 1801.7 193.0
F 289.05945583836376 533.9112471676843 4.99417083959651
D C 718.3 1366.3 51.8 899.4 -70.7 1510.6
W C 1167.4 734.2 1720.4 1021.9 1801.2 223.9
F 324.558857727851 564.6008480742726 5.036319457589591
D C 821.0 1281.3 108.2 882.4
W C 1195.5 742.9 1800.5 194.1
F 332.0251409750688 538.8189038050558 5.096084955417064
D C 865.4 1230.7 138.0 879.0
W C 1198.8 739.9 1797.2 197.1
F 359.36938428286874 509.21820879695497 5.2373252016465575
D C 990.5 1087.7 221.3 842.1
W C 1199.0 739.8 1797.0 197.2
F 368.684229336012 506.2111112405012 5.283065321252969
D C 1034.3 1035.8 249.3 824.2
W C 1196.9 741.6 1799.1 195.4
F 404.2331067069672 464.4677920484378 5.434443953129952
D C 1117.9 868.2 321.9 778.7
W C 1201.4 737.6 1794.6 199.4
F 425.42626694219206 455.309858152441 5.523920709348204
D C 1169.4 756.9 368.4 738.9
W C 1201.3 737.7 1794.7 199.3
F 440.9429079153707 441.22563838057573 5.578574573811638
D C 1186.4 692.7 388.9 718.3
W C 1202.5 736.5 1793.5 200.5
F 488.8913269087632 426.1177074744012 5.7273183822312115
D C 1228.1 496.6 441.6 640.4
W C 1201.9 737.1 1794.1 199.9
F 497.1595972783489 424.18962169225307 5.7698762101813355
D C 1241.8 441.1 458.4 619.1
W C 1200.5 738.4 1795.5 198.6
F 545.326078630013 410.4186514063554 5.931285935905088
D C 1244.9 232.8 503.6 533.0
W C 1201.8 737.2 1794.2 199.8
F 583.3558134597406 406.8984425016896 6.032555465278662
D C 1219.6 102.2 521.9 470.9
W C 1205.8 733.6 1790.2 203.4
F 595.6039585838669 317.60215281460046 6.199509257721256
D C 1209.0 41.7 528.2 442.3 598.4 1583.6
W C 1324.2 1845.6 1158.9 714.3 1803.9 258.1
F 637.1311054326156 335.7245351107404 6.2647615633504845
D C 1155.2 -77.2 513.9 389.1 -227.3 1102.7
W C 1158.1 715.3 430.2 1442.5 1790.7 237.2
F 653.4029724265166 335.815994709111 6.287764479147236
D C 1138.0 -104.2 504.8 377.4 -217.7 1107.8
W C 1156.5 715.5 430.6 1442.6 1791.9 236.9
F 705.9273279485975 336.40773533125935 6.3243947887950025
D C 1079.7 -145.8 471.7 359.5 -234.2 1119.0
W C 1162.4 715.0 425.8 1444.8 1790.7 235.2
F 722.1281946431906 340.187842001019 6.324621113643273
D C 1061.5 -150.0 458.2 358.1 -251.2 1114.9
W C 1165.1 717.0 424.9 1443.7 1789.0 234.3
F 769.5119232574763 341.53097666017635 0.04032602696652339
D C 1016.0 -149.9 411.8 358.0 -302.9 1118.1
W C 1166.5 715.8 421.7 1446.5 1790.7 232.7
F 799.394254565288 342.6310148409613 0.06539557472384301
D C 985.4 -154.7 381.6 355.0 618.0 1482.2 -325.8 1120.5
W C 1319.2 1862.0 1157.0 721.9 401.0 1439.4 1792.8 252.7
F 819.0553200623466 339.4071348099367 0.050832253645752334
D C 965.4 -154.6 363.7 357.6 -338.5 1125.2
W C 1164.1 715.0 423.8 1445.9 1791.1 234.1
F 865.0184589863637 340.4384919623047 0.0477989397713663
D C 920.6 -156.1 865.4 667.9 316.4 356.2 -393.2 1128.9
W C 1164.1 711.3 1697.6 1049.0 418.4 1449.2 1792.0 228.5
F 900.550726851607 361.8295180542672 0.015268939996432966
D C 887.6 -156.1 828.7 664.3 284.4 355.9
W C 1179.5 722.1 1719.0 1038.7 1790.5 219.3
F 936.2547598957476 360.12382287096744 0.020135697623109315
D C 850.6 -157.7 797.1 663.4 250.3 355.9
W C 1179.3 721.0 1719.8 1039.4 1789.9 219.6
F 968.9999164808331 360.45324632200754 0.025423829752618955
D C 818.5 -162.2 765.7 657.4 220.1 357.8
W C 1179.9 723.7 1717.7 1037.1 1791.3 219.1
F 984.9788020997709 361.2100722107347 0.028270171170583742
D C 802.3 -166.7 749.5 655.6 206.9 358.1
W C 1181.6 725.0 1715.6 1037.7 1791.7 217.3
F 1031.3717439312582 363.48202925515517 0.023607398049670793
D C 758.5 -167.3 700.8 660.0 156.1 358.9
W C 1179.0 726.0 1716.4 1039.9 1793.6 214.1
F 1050.1657566533006 364.1695726126303 0.023173691770089877
D C 739.3 -167.8 679.8 660.2 139.5 359.2
W C 1181.3 726.5 1714.5 1040.0 1793.2 213.5
F 1096.126344012493 364.7721572641966 0.022566146958781456
D C 693.8 -171.0 631.8 664.6 94.7 360.3
W C 1182.6 727.1 1712.7 1043.4 1793.6 209.5
F 1126.6561417788535 368.2272786665952 0.01924273186791482
D C 666.3 -170.7 595.6 658.1 63.8 362.6
W C 1183.5 732.0 1709.4 1037.6 1796.1 210.4
F 1143.62300061242 367.79088171084925 0.025153776176597604
D C 648.8 -174.7 583.1 656.4 47.9 363.1
W C 1182.4 732.0 1710.0 1038.6 1796.6 209.4
F 1190.5148039140147 369.3492779692088 0.02586873686402798
D C 603.7 -176.6 536.2 654.4 -0.3 365.0
W C 1180.8 734.2 1709.6 1037.4 1798.6 208.4
F 1224.2094948974232 369.7813936902215 0.024255307522849285
D C 570.1 -174.4 500.0 654.1 -32.9 366.1
W C 1182.4 734.9 1708.2 1035.8 1798.3 209.3
F 1254.884620250718 373.1109265139395 0.022127506003395775
D C 540.6 -176.3 467.2 651.6 -64.7 364.7
W C 1182.1 736.3 1707.6 1034.9 1799.3 208.8
F 1287.2381175471262 376.2375831033187 0.084682207219647
D C 495.0 -211.8 473.4 623.2 -72.1 366.8
W C 1184.4 735.7 1706.2 1037.2 1798.4 207.1
F 1305.8249846448023 378.85317419358535 0.1213908772316721
D C 467.3 -233.0 477.6 609.1 -77.0 367.7
W C 1184.9 734.6 1706.2 1041.3 1797.9 204.2
F 1351.3736080492297 395.23123357278445 0.3139059800770835
D C 384.1 -301.2 513.5 530.3 421.7 1394.0 -68.8 368.2
W C 1322.1 1851.3 1172.2 724.2 1676.0 1058.1 1809.7 227.4
F 1389.5694668771744 417.19380768396076 0.46079718071826453
D C 292.0 -357.5 542.5 445.9 577.0 1315.3 -59.0 372.3
W C 1321.6 1851.9 1171.2 724.4 1677.2 1057.8 1810.0 226.8
F 1401.9617967277127 430.29932016128646 0.5103675506331296
D C 255.9 -377.3 547.0 414.2 621.5 1275.8 -54.4 372.7
W C 1321.0 1847.1 1172.4 728.9 1676.9 1058.9 1809.6 226.1
F 1424.4278281641696 443.84692268606995 0.5608140878634641
D C 187.9 -402.9 556.5 357.8 -47.5 373.2
W C 1185.8 734.6 1705.4 1042.8 1797.9 202.6
F 1443.7555438085124 471.7154152253461 0.7016348612796656
D C 120.7 -424.8 560.1 299.9 791.8 1126.0 -41.8 374.4
W C 1321.7 1842.8 1170.2 730.7 1678.0 1062.4 1810.1 225.2
F 1461.6235676499273 496.691755955524 0.8049154534505046
D C 45.3 -442.5 558.3 237.8 874.6 1034.6 -34.7 373.1
W C 1322.2 1844.2 1168.6 730.3 1677.2 1063.9 1812.0 222.6
F 1472.5302994364397 500.2062741746736 0.8079087127108184
D C 8.6 -446.6 556.9 207.5 -31.4 374.2
W C 1180.4 736.1 1707.4 1046.1 1801.3 197.8
F 1490.6403589585655 547.4212184900922 1.0082161846392494
D C -104.3 -453.2 534.5 120.4 998.4 846.7 194.9 1410.6 -21.0 374.8
W C 1307.0 1843.6 1162.4 729.6 1673.8 1063.8 401.4 1464.7 1818.3 217.5
F 1498.66016488617 571.8314885983259 1.1222741632891158
D C -178.0 -446.0 512.5 55.6 1055.3 725.2 322.9 1383.0 -9.3 369.3 -318.6 961.9
W C 1302.8 1837.2 493.8 701.9 1161.8 723.6 1670.8 1057.8 392.4 1462.5 1823.3 218.1
F 1516.4027756281707 613.8933406031992 1.2714547722049216
D C 488.7 -19.1 1115.7 575.6 473.2 1325.7 13.1 361.8 -220.7 993.5
W C 1295.4 1849.7 502.0 696.0 1174.5 733.1 1678.8 1075.2 389.2 1457.0
F 1522.4790827483669 644.5207883071124 1.4006712612697376
D C 456.0 -83.1 1153.1 425.6 612.4 1247.4 33.3 351.8
W C 1298.3 1853.0 1181.4 736.9 1681.6 1079.8 396.7 1459.3
F 1511.1526360719472 674.2847996730557 1.5813902183617783
D C 388.3 -177.5 791.3 1096.5 58.8 334.4
W C 1176.2 729.6 1684.6 1064.5 406.3 1453.9
F 1511.264780736335 700.488551290438 1.6558571815584444
D C 361.4 -204.4 1167.8 112.3 848.8 1048.9 66.9 327.2
W C 1300.2 1854.6 1179.6 739.4 1684.2 1078.0 394.1 1457.1
F 1501.223607229403 729.0873466093343 1.7931555809037723
D C 299.1 -257.6 1139.5 -48.1 958.3 919.4 80.4 309.7
W C 1296.9 1851.1 1181.4 739.2 1686.5 1077.7 393.1 1461.0
F 1488.1615369529577 756.640476069802 1.9220486784654327
D C 230.0 -296.1 1093.5 -195.8 1039.4 787.0 91.0 291.0
W C 1295.8 1850.8 1183.6 741.9 1687.1 1074.5 391.5 1461.8
F 1471.6080664508513 780.7548075313728 2.0556273426656864
D C 160.0 -329.9 1025.6 -345.0 1108.0 642.3 100.3 272.9
W C 1298.8 1848.9 1183.4 742.3 1688.9 1076.1 386.9 1461.7
F 1459.4719440200042 790.6842559631474 2.117494459457111
D C 126.2 -345.2 988.0 -411.9 1127.3 564.2 103.5 264.0
W C 1297.7 1848.9 1180.1 741.8 1688.7 1077.9 391.4 1460.4
F 1430.9015387844763 813.7045521820855 2.297792850547047
D C 21.0 -374.4 861.3 -590.0 1181.2 351.4 111.6 238.2
W C 1299.3 1849.4 1178.7 738.7 1696.7 1078.2 383.3 1462.7
F 1401.4302001925623 835.4704372400389 2.3861844601511075
D C -50.1 -379.6 773.3 -670.2 1165.1 240.1 99.6 227.0
W C 1297.9 1853.6 1173.3 738.5 1698.2 1077.5 388.6 1459.5
F 1369.4730858533935 858.5315187176076 2.4286108948427665
D C -106.3 -380.6 702.3 -697.0 1136.0 194.4 558.8 694.9 69.4 222.0
W C 1294.1 1845.1 492.3 698.4 1171.8 736.0 1698.8 1076.9 383.0 1454.5
F 1349.1126751172217 901.3414872167039 2.487084724545252
D C 638.2 -720.6 1103.8 147.3 549.8 679.4 42.0 219.2
W C 1281.5 1861.5 499.4 697.0 1182.3 753.0 383.8 1456.4
F 1312.122790027855 933.6251663709262 2.494266540921076
D C 583.9 -723.9 1056.0 144.2 505.9 678.8 -5.6 223.2
W C 1282.9 1863.2 499.3 697.2 1182.1 752.2 382.8 1455.4
F 1296.9789135968358 945.2704600043204 2.49397311459049
D C 568.0 -722.2 1029.5 143.8 487.8 675.9 -21.7 225.9
W C 1279.6 1863.9 500.2 700.5 1178.0 752.0 389.2 1451.6
F 1263.755436756011 963.3457129178621 2.485471952611495
D C 539.2 -725.9 994.3 145.1 452.1 682.3
W C 1279.3 1867.5 489.3 698.6 387.4 1454.9
F 1239.3258416371295 986.727103321082 2.4912032665481614
D C 502.1 -721.1 959.5 143.1 423.8 679.6
W C 1276.4 1864.6 490.6 702.5 389.1 1453.9
F 1214.6535921115178 1006.6566756389022 2.489076906567447
D C 472.7 -720.6 927.4 144.1 389.9 684.6
W C 1276.6 1866.3 489.2 699.5 390.2 1455.3
F 1191.7168954057038 1026.5016771128085 2.494404037360923
D C 439.7 -722.3 894.6 141.8 365.5 685.0
W C 1276.4 1867.9 487.1 700.4 392.5 1452.8
F 1164.2710978033883 1046.4050936566607 2.490378617988029
D C 408.0 -724.1 862.3 144.8 327.5 688.2
W C 1278.7 1869.6 486.7 697.5 390.6 1453.9
F 1128.378003562484 1077.453254338205 2.4876859526281616
D C 363.4 -720.5 813.0 149.4 278.9 692.8
W C 1278.3 1870.4 485.6 697.2 392.2 1453.4
F 1114.2146904015747 1085.6745289359028 2.488959165698786
D C 347.9 -722.6 793.1 145.8 265.8 690.5
W C 1276.7 1871.1 483.7 698.5 395.6 1451.5
F 1087.9472376225567 1107.3947244456238 2.490048456308147
D C 313.2 -723.1 758.5 146.6 233.0 692.6
W C 1277.4 1872.3 482.7 697.9 395.9 1450.7
F 1048.1944029440401 1136.613941907702 2.4907121575143187
D C 264.4 -723.1 708.3 143.7 184.1 692.2
W C 1276.0 1872.0 482.3 697.5 397.7 1451.4
F 1035.265048548436 1147.2008668335445 2.489300592220972
D C 249.0 -721.9 691.2 144.6 166.4 693.4
W C 1275.6 1872.0 482.2 697.2 398.2 1451.8
F 998.0717844981991 1177.1740303849595 2.4898899817597204
D C 200.8 -723.4 644.3 145.2 118.3 697.5
W C 1277.2 1874.1 481.0 694.4 397.8 1452.5
F 976.4125275767158 1197.850948433378 2.512032250933234
D C 625.4 147.0 103.3 700.2
W C 480.6 692.7 384.4 1447.3
F 961.8658067965517 1208.065658658026 2.4927225988766097
D C 153.4 -722.0 592.6 145.0 75.1 701.7
W C 1275.9 1876.0 478.0 694.4 402.1 1450.6
F 915.1112417766111 1246.8165581475992 2.513928351525262
D C 548.2 148.5 25.4 704.5
W C 480.8 691.5 384.2 1448.5
F 910.4392946780487 1244.665676990167 2.4864869640837353
D C 94.8 -727.4 530.3 145.4 6.0 704.9
W C 1278.4 1879.2 476.3 689.3 401.3 1452.4
F 878.883573498324 1263.403069014514 2.593573044133285
D C -17.4 -730.3 501.2 85.8 46.7 697.9
W C 1274.2 1877.7 475.4 692.0 406.4 1451.3
F 867.4756337199077 1265.5962044238195 2.6534633230965423
D C -69.5 -734.5 488.2 51.5 80.8 694.3
W C 1273.3 1881.7 470.5 690.3 412.2 1449.1
F 845.385715975583 1265.5393158483976 2.806568331526642
D C -201.2 -720.6 470.1 -31.4 163.9 665.1
W C 1272.3 1879.9 471.9 691.3 411.7 1449.8
F 823.2922352313633 1268.2896964360746 2.950024172497273
D C -325.3 -689.0 438.1 -100.9 236.4 637.5
W C 1273.8 1882.8 469.8 687.5 412.4 1450.7
F 782.2349136418749 1282.179691558759 3.16146968944613
D C 394.8 -176.1 312.9 586.5
W C 481.0 689.6 384.0 1450.4
F 748.8217090793325 1268.46230811566 3.4022018263828264
D C 305.4 -271.4 408.1 491.9
W C 481.2 688.1 383.8 1451.9
F 739.587129551875 1260.3530699613555 3.477842333621117
D C 272.6 -298.5 432.8 455.2
W C 481.3 687.8 383.7 1452.2
F 733.121438156591 1244.04219283021 3.6485362336562375
D C 197.6 -343.3 477.5 375.6 -139.4 637.0
W C 498.0 683.9 1164.3 754.9 393.7 1448.2
F 720.8680195442022 1227.2437870776719 3.801118730865995
D C 121.6 -374.7 509.4 295.3 -59.8 642.2
W C 499.2 681.7 1161.6 756.4 395.2 1448.9
F 709.5825989124365 1207.7080648977098 3.9450698172900776
D C 44.4 -397.5 526.6 212.9 9.4 643.2
W C 497.3 680.9 1166.0 754.4 392.7 1451.7
F 701.1287753976894 1174.2727977429622 4.174021511100764
D C -79.6 -408.3 527.6 77.0 122.2 616.6
W C 496.7 681.8 1167.9 753.2 391.4 1452.0
F 686.386760969333 1170.3860857740283 4.273352812476254
D C -117.1 -404.9 518.4 38.6 154.2 601.9 -301.8 992.1
W C 501.0 684.8 1165.6 775.0 1712.7 1021.8 369.7 1448.5
F 674.5412252411045 1128.013564424104 4.507535525622742
D C 484.2 -80.6 250.5 552.4 -114.8 1028.0
W C 497.1 670.3 1164.4 770.4 1704.4 1031.3
F 680.7689801411676 1114.965598716843 4.589219075162172
D C 463.7 -129.5 284.9 522.4 -45.0 1028.0
W C 495.3 670.7 1164.2 768.0 1706.5 1033.3
F 687.2704010042607 1092.0254026051691 4.730420169918027
D C 417.6 -200.3 332.5 472.9 77.4 1016.9
W C 494.6 670.9 1166.1 768.1 1705.4 1033.0
F 705.2151214354508 1056.3443211946724 4.890079423249499
D C 340.7 -282.7 370.5 402.0 195.8 988.2
W C 487.2 671.0 1166.3 762.7 1712.5 1038.3
F 706.9219606880472 1037.1845684071964 4.898110100535946
D C 319.3 -281.9 353.5 402.9 185.7 984.8
W C 488.8 671.3 1168.1 764.2 1709.0 1036.5
F 729.954621645401 975.7470475234977 4.96139069065726
D C 240.6 -305.9 991.3 835.3 327.0 374.9 198.7 971.5
W C 492.8 667.2 1173.9 751.3 1720.5 1022.6 1783.8 220.9
F 735.1202029536705 954.8142977033746 4.972653898305505
D C 214.0 -309.4 977.9 824.1 314.1 371.6 186.3 971.4
W C 491.2 668.4 1175.0 746.9 1721.7 1024.8 1783.1 221.9
F 740.7188469702029 923.0041410823587 4.978397377586496
D C 178.8 -306.2 951.2 821.8 285.9 373.9 158.4 970.3
W C 492.3 670.0 1176.6 745.5 1718.5 1025.2 1783.6 221.3
F 751.5518407165946 874.7296613347471 4.9795031147944995
D C 128.9 -302.7 907.0 823.3 235.7 375.3 107.0 971.2
W C 493.6 670.4 1175.8 746.5 1716.5 1027.9 1785.1 217.2
F 754.7645293964022 860.2039331304675 4.980431095824954
D C 113.7 -302.3 890.0 822.9 222.3 376.8 94.9 971.5
W C 493.3 670.5 1177.0 745.6 1716.7 1025.9 1784.0 220.0
F 770.1742175774029 814.4220526007931 4.978657079658157
D C 66.0 -310.7 840.0 820.9 174.6 375.8 44.1 974.0
W C 487.8 669.0 1178.6 744.9 1721.5 1028.1 1783.2 220.0
F 780.0784444983085 783.6315568278703 4.976912847014686
D C 33.1 -313.4 805.3 821.5 142.7 377.7 11.2 970.1
W C 486.2 669.8 1182.0 744.6 1719.3 1026.5 1783.5 221.1
F 784.8181273642678 768.6271095147525 4.97689536268029
D C 19.5 -314.1 787.0 817.8 126.4 379.8 -3.7 969.8
W C 486.7 667.6 1184.5 745.9 1719.9 1025.7 1779.9 222.8
F 800.9378332007154 720.3707396511695 4.976381144930695
D C -32.5 -322.0 739.6 817.2 75.5 375.2 -57.4 971.4
W C 481.6 667.7 1182.9 745.4 1723.7 1029.3 1782.8 219.7
F 804.6290197619098 705.4958075156428 4.978768320543242
D C -47.5 -322.1 722.7 813.6 62.7 376.4 -69.6 973.6
W C 481.3 666.6 1184.3 744.1 1725.6 1028.9 1779.8 222.4
F 837.2760561265202 666.9403177467119 5.012861094949005
D C -112.3 -327.2 725.8 768.1 37.2 368.9
W C 491.5 677.4 1200.7 740.6 1785.8 201.0
F 857.4342514764407 632.2159390763942 5.081058888639834
D C 737.4 716.2 29.7 360.8
W C 1204.7 734.6 1791.3 202.4
F 876.911859112726 604.5697495816653 5.147513270661016
D C 749.0 659.2 21.4 352.5
W C 1205.6 733.8 1790.4 203.2
F 891.4515964646959 579.8010047630194 5.207673853355089
D C 758.7 612.0 13.7 349.5
W C 1205.5 733.9 1790.5 203.1
F 902.001487170124 563.7453634137553 5.240777433734912
D C 758.2 585.2 7.2 348.2
W C 1206.4 733.1 1789.6 203.9
F 928.8805331687862 531.6977873756157 5.3346533959640565
D C 770.6 508.9 -4.5 342.3
W C 1204.4 734.8 1791.6 202.2
F 942.0857224335872 517.8064685558346 5.37300332342272
D C 766.6 476.4 -6.5 341.0
W C 1207.3 732.2 1788.7 204.8
F 967.756747777822 463.0382311781973 5.524164591330244
D C 760.5 392.3 151.5 927.9 -23.1 337.4
W C 1183.3 723.7 1716.3 1032.0 1789.5 224.3
F 992.6640679062723 446.574041628341 5.589166702760085
D C 755.6 338.4 180.4 910.6 -30.4 337.6
W C 1185.2 725.5 1713.8 1031.1 1790.0 223.4
F 1007.2193745470622 441.05636901713893 5.648253154417864
D C 757.7 290.3 220.0 892.9 -24.9 334.6
W C 1185.6 725.3 1714.0 1029.4 1789.4 225.3
F 1045.291975631157 425.4065791336867 5.791974651015933
D C 753.6 172.2 303.5 850.2 -19.5 330.7
W C 1184.0 726.2 1714.0 1032.0 1791.0 221.8
F 1073.600373580542 418.1008083073932 5.879962826170671
D C 738.4 98.5 347.6 819.4 -20.3 325.7
W C 1182.8 725.6 1714.8 1035.4 1791.4 219.0
F 1101.0636859915926 415.12963560436384 5.970457380198725
D C 717.3 27.0 393.3 776.9 -18.0 321.5
W C 1182.8 726.6 1714.3 1033.3 1791.9 220.1
F 1132.7583779455738 413.7743784662425 6.0632703829842844
D C 686.3 -48.0 429.1 732.3 -16.8 318.1
W C 1185.7 727.9 1711.2 1034.8 1792.0 217.2
F 1144.725790529959 414.3755728855825 6.103090479940792
D C 674.1 -78.4 446.2 710.7 -17.8 317.5
W C 1184.1 729.9 1711.0 1033.6 1793.9 216.5
F 1189.8586193857218 419.39702905346314 6.256314874571963
D C 609.6 -186.5 504.6 627.4 -14.5 310.6
W C 1183.7 730.3 1711.1 1033.1 1794.2 216.6
F 1219.267145285266 419.0977636781814 6.403774961748379
D C 563.9 -251.5 530.6 579.1 277.6 1401.2 -14.4 307.3
W C 1326.3 1843.5 1168.0 722.4 1676.3 1057.9 1809.3 237.2
F 1253.2287604387845 434.61823905654063 6.3923106964225695
D C 514.5 -280.6 518.6 548.9 -35.7 302.6
W C 1184.8 731.6 1709.0 1036.7 1795.2 211.7
F 1288.4150975555171 441.21031284732913 6.448462665052319
D C 462.0 -312.3 514.2 521.3 -55.7 302.8
W C 1183.7 730.8 1709.8 1040.1 1795.5 209.2
F 1300.309682823332 437.00544846869707 6.520388242593039
D C 438.5 -324.7 505.4 512.4 343.0 1356.1
W C 1315.1 1835.7 1671.2 1053.8 1802.8 224.5
F 1357.2395527794185 439.21260375688644 6.502396237798031
D C 383.7 -330.5 458.1 506.2
W C 1694.3 1033.0 1803.7 200.0
F 1368.2559705849474 452.18925622457243 0.2440667856327986
D C 366.5 -329.6 439.9 510.8 282.2 1358.8
W C 1313.8 1838.9 1671.7 1054.1 1803.5 220.9
F 1418.0684516734625 465.26495049656904 0.24647131371136846
D C 314.1 -329.4 389.6 509.6 234.2 1355.6
W C 1314.4 1837.1 1671.5 1054.5 1803.0 222.4
F 1456.2622771685617 460.83826605014934 0.22120361007012554
D C 281.4 -334.0 358.1 509.2
W C 1693.9 1036.2 1804.1 196.8
F 1466.3241470369483 474.03876345607114 0.24891203388003183
D C 264.3 -331.8 342.2 513.0 188.3 1362.5
W C 1313.1 1840.9 1671.6 1055.5 1804.2 217.5
F 1523.8372574541654 472.7711197660877 0.22561567150917267
D C 211.3 -333.1 291.9 512.5
W C 1693.7 1037.6 1804.3 195.4
F 1573.156819547231 483.88429321385547 0.22057093044798984
D C 162.4 -332.1 238.8 514.0
W C 1693.7 1037.7 1804.3 195.3
F 1591.5032989639687 485.4665408711748 0.22203846952308792
D C 143.5 -331.4 221.4 517.6
W C 1693.5 1039.1 1804.5 193.9
F 1609.479201423042 507.9490009768075 0.28053047908337647
D C 109.7 -338.3 205.5 510.3 87.2 1366.9
W C 1314.8 1845.5 1665.6 1055.2 1808.6 213.2
F 1639.2813932862875 526.1737057048331 0.3522158917412594
D C 51.7 -354.2 204.8 495.6 152.2 1344.3
W C 1318.4 1840.5 1660.6 1062.0 1810.0 211.6
F 1666.9653388730255 542.5258871859776 0.41182443232267085
D C -2.0 -366.8 201.7 479.7 201.0 1334.0
W C 1317.2 1845.5 1659.8 1062.9 1812.0 205.6
F 1710.7211085433698 570.8163497708757 0.515082109136752
D C -89.3 -367.3 193.6 452.6 287.5 1303.5
W C 1318.8 1846.8 1656.3 1060.1 1813.9 207.1
F 1733.3484498578841 563.7673818583021 0.4917076136613639
D C -114.9 -367.4 192.3 445.6
W C 1692.4 1047.4 1805.6 185.6
F 1733.3484498578841 563.7673818583021 0.4917076136613639
D C 188.6 433.5
W C
F 1809.894387545717 610.1394002249002 0.7001406706128557
D C 180.2 421.1 -535.6 1553.0
W C 1676.3 1048.3 399.7 1452.7
F 1825.7564529068666 637.4178644062398 0.807704393831487
D C 191.5 396.3 -394.3 1589.8
W C 1671.8 1049.7 404.2 1451.3
F 1834.9437746527303 647.5038550066645 0.8498609127252141
D C 195.4 385.9 -341.6 1607.4
W C 1674.0 1049.0 402.0 1452.0
F 1863.6355978684583 691.6796632893349 0.9984180422309348
D C 197.8 352.4 -152.7 1641.1
W C 1674.6 1048.8 401.4 1452.2
F 1863.6355978684583 691.6796632893349 0.9984180422309348
D C 201.8 323.6
W C
F 1884.3924653516515 759.867207271395 1.1790310601062677
D C 186.7 307.7 73.9 1631.5
W C 1671.3 1049.9 404.7 1451.1
F 1900.2436251064933 801.6718617648049 1.227776913918145
D C 156.7 300.3 108.7 1625.6
W C 1670.1 1050.2 405.9 1450.8
F 1919.3104408289164 853.6725799566389 1.2771982523821939
D C 777.9 870.3 142.8 297.7 130.5 1647.7
W C 1311.4 1850.1 1675.7 1076.5 379.9 1455.4
F 1929.3494071435264 906.4433165664987 1.2966849388602393
D C 744.5 853.8 91.7 296.6 109.0 1630.4
W C 1309.0 1854.3 1668.7 1075.0 389.4 1452.7
F 1945.7182717487754 947.8737831491057 1.3862974195101678
D C 769.1 794.2 75.3 286.5
W C 1306.1 1849.6 1677.9 1074.4
F 1946.501351631449 982.4264316827754 1.463154053556479
D C 796.1 731.6 59.8 275.2
W C 1304.6 1852.6 1679.4 1071.4
F 1945.8609376338204 1023.5928986680282 1.5296105127086208
D C 798.9 673.2 39.8 269.8
W C 1306.1 1849.5 1677.9 1074.5
F 1927.1750749116397 1028.8284925035532 1.5452764799070045
D C 806.7 646.7 27.1 268.4 -373.5 1413.0
W C 1301.3 1851.8 505.1 691.5 1659.5 1062.7
F 1934.9933176799839 1088.672718960009 1.6436353489432707
D C 816.6 568.6 474.0 1516.4 -0.2 265.4
W C 1308.5 1861.8 1670.3 1069.2 388.2 1451.1
F 1939.9423400077285 1116.992788521075 1.7264036752225107
D C 572.4 1473.6 -29.0 267.1
W C 1680.5 1046.9 395.5 1454.1
F 1914.417517874876 1180.9913570924896 1.7872608008673632
D C 817.8 457.5 599.2 1437.2
W C 1292.0 1881.5 382.0 1457.5
F 1901.8916838373402 1213.717647717397 1.8567003695282385
D C 813.0 394.5 662.2 1391.8
W C 1294.1 1882.5 379.9 1456.5
F 1888.8282609655998 1245.9732131587518 1.9177421814084685
D C 801.2 338.3 710.7 1352.0
W C 1298.2 1884.4 375.8 1454.6
F 1862.5540217597293 1262.2389350549718 1.9809457880079204
D C 783.6 281.0 764.5 1295.6 35.1 1477.0
W C 1292.4 1868.8 494.1 705.5 369.5 1446.7
F 1838.3784188626082 1296.129972986583 2.066255625900961
D C 764.5 209.6 833.2 1216.3 116.1 1466.2
W C 1290.5 1869.0 493.3 701.2 372.2 1450.8
F 1833.3235578856757 1292.2411196463481 2.0839270670265986
D C 750.4 188.6 850.1 1201.2 138.7 1465.5 -131.7 814.5
W C 1300.6 1853.5 488.5 693.7 1188.3 777.6 369.5 1443.2
F 1813.075335514332 1321.4433601352077 2.157146248227803
D C 727.1 133.6 899.2 1132.4 210.0 1454.1 -106.8 819.3
W C 1299.4 1853.2 485.6 691.8 1189.7 779.1 372.3 1443.9
F 1793.6659157802178 1347.0428558119106 2.223262150164324
D C 698.3 82.3 944.5 1076.4 270.3 1433.5 -82.0 825.8
W C 1304.3 1851.9 490.5 691.5 1187.3 780.6 365.0 1444.0
F 1766.9435365908937 1375.313175335403 2.2886651301872205
D C 666.6 37.4 967.4 1005.2 325.5 1413.6 -64.3 828.6
W C 1300.3 1852.8 488.1 690.6 1185.1 781.8 373.5 1442.8
F 1735.7378008808396 1407.2167118922148 2.3819027130163866
D C 622.5 -24.4 1014.1 914.9 411.7 1376.0 -33.9 834.3
W C 1301.2 1853.6 489.6 693.1 1185.8 779.0 370.4 1442.3
F 1719.2772029565026 1416.5924694089117 2.422435585637736
D C 604.6 -51.6 1023.5 862.5 449.3 1363.5 -13.3 827.0
W C 1298.4 1853.7 483.0 686.7 1184.5 785.7 381.0 1441.9
F 1692.3263450889963 1438.0215097078305 2.4839423670054805
D C 568.7 -89.3 1040.7 798.1 498.2 1330.7 -0.6 831.2
W C 1296.8 1856.3 484.7 689.4 1184.7 779.8 380.8 1442.5
F 1665.2401391628591 1453.8387997758587 2.553179400216452
D C 527.9 -130.1 1061.6 724.8 555.9 1288.5 29.9 827.4
W C 1298.3 1855.1 487.6 690.5 1181.2 782.2 379.9 1440.2
F 1638.893228590346 1467.057549804098 2.6120859629769084
D C 489.8 -161.4 1074.0 658.4 599.7 1250.5 49.9 822.7
W C 1297.7 1853.7 489.7 690.7 1180.2 782.2 379.4 1441.3
F 1589.2486527950387 1487.7143709501618 2.6837254547672122
D C 424.9 -203.8 1063.6 573.7 634.1 1206.3 54.5 815.3
W C 1298.2 1858.3 487.2 686.0 1180.0 780.5 381.6 1443.2
F 1575.6525072849336 1495.5151127186084 2.6796780304076693
D C 408.4 -202.0 1043.3 583.6 616.2 1207.9 36.9 814.5
W C 1300.1 1858.4 485.7 688.8 1179.6 782.8 381.5 1438.0
F 1547.797146492711 1509.2192840102693 2.6779189078902403
D C 380.0 -201.3 1007.7 584.2 584.3 1208.8 4.4 815.2
W C 1297.9 1859.2 484.6 689.4 1179.3 782.0 385.2 1437.4
F 1519.921598597794 1504.3703703061085 2.653374510675016
D C 962.2 581.7 529.8 1207.7 -43.5 821.1
W C 485.5 686.3 1173.2 758.8 397.3 1441.9
F 1488.6331060413086 1542.2525285161166 2.6808925449553453
D C 314.8 -199.0 943.1 578.1 513.7 1211.2 -58.9 823.9
W C 1295.1 1860.5 490.0 685.7 1175.1 778.1 386.9 1443.7
F 1444.468466464782 1566.2743879953593 2.6819391957622734
D C 265.7 -198.0 891.4 580.9 465.3 1208.9 -108.0 828.4
W C 1294.2 1861.6 491.2 689.3 1173.7 776.0 387.9 1441.1
F 1441.8109607501542 1557.87631457897 2.6650377169106036
D C 869.8 582.1 451.0 1216.1 -123.8 830.4
W C 483.2 684.2 1170.9 763.2 401.8 1439.6
F 1394.3545213817636 1580.150194299466 2.666334815970537
D C 819.7 578.2 395.0 1211.1 -171.4 832.0
W C 489.0 684.0 1166.1 761.9 400.9 1441.1
F 1364.284213012647 1598.49621137129 2.6737749461530287
D C 786.8 577.0 369.8 1208.9 -199.2 836.0
W C 489.1 686.2 1165.1 762.5 401.8 1438.3
F 1352.0263287930438 1603.207576388227 2.7092949259535355
D C 791.9 547.7 397.6 1194.2 -178.9 841.8
W C 490.7 685.4 1161.8 763.9 403.5 1437.6
F 1322.8066047206585 1615.350964887723 2.783875466957174
D C 800.5 487.3 456.3 1164.3 -151.4 853.1
W C 487.7 684.6 1165.9 763.3 402.4 1439.2
F 1289.3318293603013 1628.3558680027568 2.844271876894742
D C 792.5 440.1 486.3 1136.8 -131.6 864.4
W C 491.4 683.9 1161.9 763.4 402.7 1439.7
F 1239.6346668844042 1635.0725861397555 2.9492801654136636
D C 783.9 354.0 551.8 1073.5 -89.2 871.4
W C 492.9 686.8 1160.6 762.7 402.5 1437.5
F 1217.4662672744876 1638.96859522388 2.9926785884233746
D C 773.2 321.0 577.4 1051.0 -73.1 872.3
W C 490.5 685.3 1160.3 765.4 405.2 1436.3
F 1182.4683289595528 1640.5303987335587 3.0608991415164697
D C 760.3 264.8 611.3 1007.6 -49.1 875.8
W C 491.9 685.5 1160.8 763.6 403.3 1437.9
F 1137.198724519677 1646.5700017557645 3.0652087232340364
D C 717.7 259.9 567.3 1010.5 -90.0 879.8
W C 494.4 682.3 1159.8 762.5 401.8 1442.2
F 1117.6752429250603 1649.7871494603455 3.0704875680419432
D C 700.2 258.4 553.8 1008.0 -106.8 882.8
W C 493.6 683.6 1161.5 761.6 400.9 1441.8
F 1068.2373570859663 1656.288093140365 3.0667948521594712
D C 647.3 264.1 502.1 1014.8 -159.5 883.0
W C 491.7 681.8 1161.3 763.8 403.0 1441.3
F 1048.6479169773465 1659.6243804190453 3.071148631650758
D C 631.6 262.2 485.8 1013.0 -177.4 888.3
W C 492.8 683.4 1163.1 761.1 400.2 1442.6
F 1016.832239515356 1662.1564296820616 3.067049586265486
D C 597.3 265.3 449.4 1015.8 -211.3 886.6
W C 493.1 682.6 1161.5 762.3 401.5 1442.1
F 967.7437687552379 1667.173246249826 3.069038927656882
D C 549.5 266.6 401.0 1013.9 -258.8 889.9
W C 494.3 685.0 1161.3 760.9 400.3 1441.1
F 950.721468231975 1671.907634019737 3.0737803066108413
D C 534.7 265.6 387.7 1016.7 -272.4 895.5
W C 495.0 683.8 1161.8 760.0 399.2 1443.2
F 889.9552794477092 1681.246004149284 3.068135736882221
D C 487.4 268.7 335.3 1017.6
W C 480.9 691.0 384.1 1449.0
F 857.6923184388676 1680.9234481492724 3.068564113834181
D C 455.4 265.9 303.6 1014.8
W C 480.9 691.0 384.1 1449.0
F 836.8808325143558 1687.052949221318 3.0765544835979552
D C 436.2 267.4 290.6 1016.7
W C 480.8 691.4 384.2 1448.6
F 792.3966723186572 1690.3545655432172 3.0684972893701614
D C 389.4 271.1 237.9 1018.8
W C 480.8 691.6 384.2 1448.4
F 775.6684155359399 1692.9021101857059 3.0662908017044788
D C 372.0 272.8 218.6 1021.1
W C 480.8 691.2 384.2 1448.8
F 731.5109716411464 1697.4266523063836 3.0658984917071073
D C 327.8 272.8 173.6 1023.7
W C 481.0 689.8 384.0 1450.2
F 715.426809054452 1699.7310195638129 3.063387619209533
D C 311.1 273.8 154.6 1026.0
W C 481.1 688.9 383.9 1451.1
F 679.031632629524 1705.084090079084 3.0651899327692353
D C 275.0 275.4 119.7 1028.7
W C 481.2 688.5 383.8 1451.5
F 638.5189715710496 1706.8568997248979 3.073242877893979
D C 236.5 272.9 87.6 1026.0
W C 481.1 689.3 383.9 1450.7
F 641.2315934577616 1706.2209874374314 3.073186757986936
D C 238.9 274.0 90.6 1024.0
W C 480.9 690.8 384.1 1449.2
F 643.2570253832265 1705.7635708946798 3.070857295422476
D C 240.1 275.4 90.5 1022.8
W C 480.7 691.9 384.3 1448.1
F 642.9266507046377 1703.4878343410933 3.0704017345726093
D C 239.5 274.7 90.1 1019.0
W C 480.5 693.5 384.5 1446.5
F 640.8346449181696 1706.3032939673658 3.073640439665059
D C 238.7 273.7 90.6 1024.2
W C 480.9 690.6 384.1 1449.4
F 640.7270777110405 1706.5159012231375 3.0738299893153034
D C 238.7 273.7 90.6 1024.6
W C 480.9 690.4 384.1 1449.6
F 641.6775722951768 1706.3269138787728 3.072746744297649
D C 239.2 274.3 90.6 1024.1
W C 480.9 690.9 384.1 1449.1
