F 1850.0 1897.0 3.717551306747922
D C 364.9 -287.9 1415.4 -461.6 1742.8 248.9 1129.7 565.4 538.4 591.2 896.5 1317.5
W C 1342.9 1873.0 489.2 665.4 1175.2 739.4 1682.8 1043.9 370.6 1438.7 1784.4 240.5
F 1850.0 1897.0 3.717551306747922
D C 366.0 -288.8 1416.7 -462.0 1741.8 248.8 1129.9 565.4 540.6 593.7 897.6 1319.0
W C 1341.6 1874.0 490.5 666.7 1175.6 740.1 1682.7 1041.6 369.6 1438.9 1785.0 239.7
F 1850.0 1897.0 3.717551306747922
D C 366.2 -289.0 1418.2 -462.5 1741.8 248.8 1131.1 566.1 541.5 594.6 900.0 1322.6
W C 1341.1 1875.4 491.2 667.4 1175.6 740.1 1682.9 1041.9 368.3 1439.2 1786.0 237.0
F 1850.0 1897.0 3.717551306747922
D C 366.2 -288.9 1417.4 -462.3 1737.0 248.1 1129.5 565.3 540.5 593.6 896.8 1317.9
W C 1341.0 1873.2 493.6 669.3 1175.2 739.6 1682.2 1040.8 368.5 1438.1 1784.4 240.0
F 1850.0 1897.0 3.717551306747922
D C 365.1 -288.1 1419.4 -462.9 1739.8 248.5 1128.6 564.8 537.0 589.7 898.0 1319.6
W C 1343.2 1872.7 491.5 667.5 1175.9 740.3 1683.3 1045.4 367.0 1437.8 1784.1 237.4
F 1850.0 1897.0 3.717551306747922
D C 365.1 -288.1 1413.4 -460.9 1740.2 248.6 1129.9 565.5 538.2 591.0 896.5 1317.5
W C 1341.5 1872.7 490.7 666.5 1174.6 738.8 1682.2 1044.0 371.9 1438.6 1784.1 240.4
F 1850.0 1897.0 3.717551306747922
D C 364.7 -287.8 1418.5 -462.6 1734.9 247.8 1132.6 566.8 539.8 592.8 897.2 1318.4
W C 1342.3 1873.4 495.2 670.6 1173.5 736.9 1682.3 1042.4 367.1 1437.7 1784.6 240.0
F 1850.0 1897.0 3.717551306747922
D C 364.9 -287.9 1417.5 -462.3 1738.0 248.2 1131.9 566.5 540.7 593.8 897.5 1318.9
W C 1342.1 1873.9 493.2 668.9 1174.2 738.1 1682.3 1041.7 368.2 1438.3 1785.0 240.1
F 1850.0 1897.0 3.717551306747922
D C 365.2 -288.2 1416.6 -462.0 1739.8 248.5 1132.5 566.8 539.6 592.6 898.1 1319.8
W C 1341.9 1874.2 491.9 667.8 1174.0 737.7 1682.7 1043.5 369.3 1438.7 1785.2 239.1
F 1850.0 1897.0 3.717551306747922
D C 365.8 -288.6 1417.7 -457.6 1739.7 248.5 1129.9 565.5 539.5 592.4 897.2 1318.4
W C 1342.0 1873.9 491.2 668.8 1174.7 740.1 1682.4 1042.8 371.0 1435.4 1783.7 239.9
F 1850.0 1897.0 3.717551306747922
D C 364.1 -287.3 1419.0 -462.8 1739.0 248.4 1133.0 567.0 539.7 592.7 898.8 1320.8
W C 1343.3 1874.4 492.8 668.6 1173.9 737.6 1682.7 1043.7 366.8 1438.2 1785.4 238.5
F 1850.0 1897.0 3.717551306747922
D C 364.5 -287.7 1416.9 -462.1 1743.3 249.0 1132.5 566.8 539.1 592.1 896.9 1318.1
W C 1343.6 1873.9 489.5 665.8 1174.2 737.6 1683.1 1043.8 369.6 1439.0 1785.1 240.9
F 1850.0 1897.0 3.717551306747922
D C 365.0 -288.0 1423.0 -464.1 1741.8 248.8 1130.1 565.6 541.0 594.1 897.9 1319.5
W C 1344.3 1874.3 491.2 667.7 1176.2 740.4 1683.5 1041.2 364.4 1438.2 1785.4 239.2
F 1829.2185819968804 1883.5043893513625 3.717551306747922
D C 365.2 -288.2 1416.0 -461.8 1740.2 248.6 1131.2 566.1 539.4 592.4 896.8 1317.9
W C 1342.1 1873.4 491.3 667.3 1174.5 738.4 1682.6 1042.8 369.9 1438.6 1784.7 240.5
F 1792.0461864138354 1859.3643534023915 3.717551306747922
D C 352.2 -286.8 1402.9 -457.5 1715.5 250.4 1074.3 550.0 518.5 594.6 878.1 1325.0
W C 1337.2 1865.1 490.8 668.9 1191.5 769.5 1680.8 1036.6 364.6 1432.4 1780.1 228.6
F 1754.3684184692838 1835.0415589552322 3.715224640081255
D C 313.8 -287.5 1365.2 -463.9 1681.8 240.2 1048.8 549.2 488.9 592.9 846.9 1321.6
W C 1338.7 1866.7 490.1 671.0 1188.5 763.2 1679.3 1036.2 364.9 1432.7 1783.5 231.1
F 1716.553682761794 1810.6092810349746 3.715224640081255
D C 279.2 -282.2 1324.1 -454.4 1640.5 244.6 1000.7 547.8 445.3 586.2
W C 1330.7 1868.2 486.3 677.5 1187.1 777.9 1671.5 1052.4 364.3 1435.1
F 1716.553682761794 1810.6092810349746 3.715224640081255
D C 260.9 -280.4 1277.2 -447.1 1622.9 242.0 985.4 543.3 432.6 584.3
W C 1321.9 1867.5 485.6 672.3 1182.6 779.4 1663.5 1054.9 386.4 1436.9
F 1679.032084540409 1786.3664006179747 3.715224640081255
D C 216.5 -277.0 1229.1 -443.0 1564.3 248.0 933.0 544.7 379.5 588.2
W C 1318.7 1862.7 490.9 676.6 1180.6 781.3 1664.7 1053.1 385.0 1437.2
F 1641.4302119353908 1761.9264394150962 3.717551306747922
D C 187.9 -278.9 1197.8 -440.1 1532.9 243.0 902.1 541.6 348.6 590.7
W C 1315.9 1862.7 489.8 680.0 1180.0 783.5 1667.0 1051.0 387.4 1433.8
F 1603.7524439908393 1737.6036449679368 3.715224640081255
D C 155.6 -276.2 1169.5 -441.9 1500.5 242.6 873.3 546.4 318.8 593.1
W C 1316.9 1863.4 491.2 681.8 1181.2 780.1 1667.2 1051.2 383.4 1434.5
F 1566.1505713858212 1713.1636837650583 3.717551306747922
D C 124.8 -274.1 1131.1 -439.3 1466.0 246.2 832.9 546.4 280.4 594.1
W C 1314.1 1859.3 489.4 680.5 1182.5 783.5 1668.0 1051.3 386.1 1436.4
F 1566.1505713858212 1713.1636837650583 3.717551306747922
D C 113.1 -277.2 1117.5 -438.0 1443.4 251.6 818.1 551.1 264.3 597.6
W C 1310.3 1860.4 494.9 683.8 1181.6 780.3 1668.4 1048.1 384.7 1438.4
F 1528.4728034412697 1688.840889317899 3.715224640081255
D C 67.3 -274.8 1066.3 -436.9 1395.6 247.7 770.4 547.0 214.8 601.8
W C 1307.4 1857.8 493.7 685.0 1179.9 783.9 1672.1 1047.1 386.9 1437.2
F 1490.8709308362515 1664.4009281150204 3.717551306747922
D C 1026.6 -435.5 1364.7 246.5 735.6 539.4 184.2 595.6
W C 491.9 682.5 1179.2 778.3 1672.7 1030.7 405.2 1438.6
F 1490.8709308362515 1664.4009281150204 3.717551306747922
D C 997.1 -433.8 1324.9 251.9 698.2 545.7 146.0 600.5
W C 494.3 685.2 1180.4 776.6 1674.6 1028.8 399.7 1439.4
F 1453.1931628917 1640.078133667861 3.715224640081255
D C 958.2 -434.5 1292.7 249.9 666.4 544.3 474.7 1317.1 112.0 603.8
W C 501.9 675.2 1187.6 768.7 1685.3 1020.3 410.4 1431.4 1768.7 224.5
F 1415.591290286682 1615.6381724649825 3.717551306747922
D C -47.4 -285.1 925.1 -422.9 1257.2 251.0 631.5 545.5 438.5 1317.1 81.6 604.0
W C 1299.7 1844.8 501.1 682.2 1186.0 778.1 1678.2 1030.0 410.3 1428.0 1769.7 237.8
F 1377.9135223421304 1591.3153780178232 3.715224640081255
D C -78.6 -288.4 896.0 -426.3 1220.4 251.5 601.9 546.3 407.1 1316.5 48.0 606.7
W C 1298.0 1846.6 505.6 684.3 1184.7 775.6 1681.4 1027.9 406.5 1429.2 1768.9 237.3
F 1340.3116497371122 1566.8754168149446 3.717551306747922
D C 848.2 -429.4 1172.2 252.8 550.1 540.9 358.9 1316.4 -4.2 609.6
W C 506.2 677.9 1185.1 773.3 1688.0 1016.3 408.4 1426.9 1766.4 225.6
F 1302.6338817925607 1542.5526223677853 3.715224640081255
D C 833.9 -428.6 1149.7 255.4 535.0 545.7 342.8 1320.9 -21.1 610.9
W C 510.7 681.1 1184.6 770.6 1687.1 1017.5 405.0 1427.1 1766.6 223.6
F 1302.6338817925607 1542.5526223677853 3.715224640081255
D C 801.3 -430.7 1119.8 252.3 506.2 542.3 317.0 1321.4 -51.5 614.4
W C 510.5 680.6 1182.9 772.7 1689.5 1016.8 404.3 1426.7 1766.7 223.3
F 1265.0320091875426 1518.1126611649067 3.717551306747922
D C 743.2 -420.3 1069.2 254.8 450.7 543.2 262.7 1326.0 -104.8 612.2
W C 506.8 679.6 1182.5 775.2 1685.7 1020.4 411.9 1423.2 1767.1 221.6
F 1227.354241242991 1493.7898667177474 3.715224640081255
D C 724.6 -421.6 1054.6 251.3 437.8 541.0 248.2 1316.0 -122.5 613.4
W C 506.0 678.3 1180.8 773.0 1689.5 1018.8 414.2 1422.1 1763.4 227.9
F 1189.5395055355013 1469.3575887974898 3.715224640081255
D C 681.4 -422.0 1006.0 252.8 390.4 541.0 199.3 1322.5 -167.7 618.9
W C 507.0 680.4 1180.0 775.6 1689.9 1015.5 409.9 1422.9 1767.3 225.7
F 1189.5395055355013 1469.3575887974898 3.715224640081255
D C 664.2 -417.0 990.9 255.5 375.1 544.0 182.3 1319.4 -184.1 619.0
W C 506.5 679.7 1180.0 773.8 1689.6 1016.0 413.5 1421.5 1764.5 229.1
F 1152.0179073141162 1445.11470838049 3.715224640081255
D C 632.6 -416.4 954.7 261.8 340.5 546.0 145.9 1324.3
W C 507.4 676.6 1178.2 765.7 415.9 1421.8 1759.5 212.8
F 1114.416034709098 1420.6747471776114 3.717551306747922
D C 600.0 -416.4 924.3 259.6 313.0 545.7 117.1 1324.1
W C 507.2 677.1 1176.5 764.6 417.1 1421.5 1760.2 213.8
F 1076.7382667645466 1396.351952730452 3.715224640081255
D C 565.1 -415.8 892.5 259.6 281.0 546.6 85.1 1335.0
W C 505.1 677.7 1174.8 766.9 415.4 1422.9 1765.7 209.5
F 1038.9235310570568 1371.9196748101945 3.715224640081255
D C 518.1 -408.9 845.8 268.6 232.5 552.9 27.6 1332.7
W C 504.0 676.0 1174.2 763.5 418.7 1423.7 1764.2 213.9
F 1038.9235310570568 1371.9196748101945 3.715224640081255
D C 506.2 -414.8 830.8 263.9 219.6 550.2 23.5 1330.5
W C 507.2 676.7 1176.5 764.5 415.5 1423.4 1761.8 212.5
F 1001.4019328356718 1347.6767943931945 3.715224640081255
D C 477.6 -411.3 797.6 264.2 186.2 548.0 -17.4 1336.7
W C 505.2 679.8 1173.7 766.6 414.9 1421.8 1767.2 208.7
F 963.8000602306535 1323.236833190316 3.717551306747922
D C 442.9 -413.4 768.5 265.0 157.6 551.3 -42.1 1337.7
W C 505.6 677.4 1174.5 765.2 414.7 1424.4 1766.2 210.0
F 926.122292286102 1298.9140387431567 3.715224640081255
D C 412.3 -411.7 732.1 265.1 123.6 552.2 -83.4 1341.0
W C 505.2 680.9 1172.9 764.0 413.2 1423.8 1769.8 208.3
F 926.122292286102 1298.9140387431567 3.715224640081255
D C 396.0 -412.7 718.6 267.7 109.5 552.9 -99.9 1340.5
W C 504.9 678.6 1172.1 763.0 413.9 1426.1 1770.0 209.3
F 888.5204196810838 1274.4740775402781 3.717551306747922
D C 351.1 -414.0 669.9 270.9 62.8 555.0 -150.2 1344.9
W C 506.2 679.1 1171.3 762.2 411.1 1428.5 1772.5 207.3
F 850.8426517365324 1250.1512830931188 3.715224640081255
D C 320.9 -415.8 639.9 270.2 31.9 553.6 -180.6 1353.2
W C 505.1 679.6 1170.4 764.9 408.3 1430.0 1777.2 202.5
F 813.0279160290428 1225.7190051728612 3.715224640081255
D C 291.5 -415.9 612.0 274.1 1.3 557.3 -209.2 1346.5
W C 505.8 676.7 1173.6 762.3 409.5 1431.3 1772.1 206.7
F 774.9200428354486 1201.0973297493458 3.715224640081255
D C 259.1 -419.8 579.9 274.8 -29.7 560.6
W C 493.4 683.2 1162.2 761.2 400.4 1442.6
F 774.9200428354486 1201.0973297493458 3.715224640081255
D C 214.4 -418.7 534.3 275.6 -76.7 561.9
W C 492.8 683.6 1163.1 761.0 400.1 1442.4
F 737.3181702304304 1176.6573685464673 3.717551306747922
D C 201.0 -417.5 520.5 278.7 -95.3 567.1
W C 490.9 683.3 1166.5 759.9 398.7 1443.8
F 699.640402285879 1152.334574099308 3.715224640081255
D C 156.5 -420.1 471.2 282.9 -139.0 568.0
W C 495.0 682.6 1164.3 757.9 396.6 1446.5
F 662.0385296808607 1127.8946128964294 3.717551306747922
D C 142.9 -418.5 452.7 285.2 -155.2 572.6
W C 496.4 684.6 1165.0 755.7 394.6 1446.7
F 662.0385296808607 1127.8946128964294 3.717551306747922
D C 110.2 -416.7 423.6 285.4
W C 481.1 688.7 383.9 1451.3
F 624.3607617363093 1103.57181844927 3.715224640081255
D C 66.5 -419.3 375.4 287.9
W C 481.3 687.2 383.7 1452.8
F 586.7588891312911 1079.1318572463915 3.717551306747922
D C 49.9 -423.1 356.3 291.0
W C 481.7 684.6 383.3 1455.4
F 549.0811211867397 1054.8090627992322 3.715224640081255
D C 4.2 -422.5 309.2 293.0
W C 481.7 684.2 383.3 1455.8
F 549.0811211867397 1054.8090627992322 3.715224640081255
D C -11.4 -425.9 290.8 293.1
W C 481.8 683.2 383.2 1456.8
F 511.47924858172144 1030.3691015963536 3.717551306747922
D C -39.0 -426.5 257.8 295.7
W C 481.9 682.7 383.1 1457.3
F 473.80148063717 1006.0463071491945 3.715224640081255
D C -86.6 -430.1 204.9 297.1
W C 482.1 681.4 382.9 1458.6
F 436.6016502422077 980.994851125657 3.731511306747922
D C -102.3 -432.3 187.1 295.9
W C 482.1 681.3 382.9 1458.7
F 402.7152720466532 952.0277878100815 3.8315579734145886
D C -146.8 -436.5 137.0 299.6
W C 482.4 678.7 382.6 1461.3
F 402.7152720466532 952.0277878100815 3.8315579734145886
D C -165.7 -434.5 126.2 295.0
W C 482.2 680.3 382.8 1459.7
F 371.4196955830072 919.5554556141191 3.9292779734145884
D C 111.4 279.3
W C
F 343.65184372310443 884.2357890863569 4.0293246400812555
D C 87.3 262.1 -513.4 1503.6
W C 497.2 676.4 1789.8 195.6
F 319.55316361210976 846.5284804289731 4.127044640081255
D C 78.5 256.7 -485.0 1510.9
W C 499.1 675.6 1787.9 196.4
F 299.2483500937769 806.6498889636144 4.224764640081255
D C 53.9 237.6 -385.1 1552.8
W C 493.7 677.6 1793.3 194.4
F 299.2483500937769 806.6498889636144 4.224764640081255
D C 44.0 233.1 -357.2 1562.8
W C 492.6 678.1 1794.4 193.9
F 283.11705504835055 765.0907900261001 4.324811306747922
D C 28.3 225.5 -276.6 1587.1
W C 489.6 679.2 1797.4 192.8
F 270.98627347806035 721.469980380686 4.424857973414588
D C 12.0 220.5
W C
F 263.51922822592417 677.8728593494212 4.524904640081255
D C -3.5 218.5
W C
F 260.1058164511439 633.0820546273555 4.620297973414588
D C -31.5 220.8
W C
F 260.1058164511439 633.0820546273555 4.620297973414588
D C
W C
F 265.60372179683264 587.6006081090432 4.804104640081254
D C 122.1 1605.2
W C
F 279.83598179546124 545.1022424226395 5.001871306747921
D C 253.5 1583.1
W C
F 301.22632158100924 506.5564843248344 5.185677973414587
D C 310.7 1567.9
W C
F 301.22632158100924 506.5564843248344 5.185677973414587
D C 493.5 1497.5 -73.5 911.2
W C
F 326.66161250750264 474.1052168415722 5.341564640081254
D C 546.3 1473.2 -45.1 905.1
W C
F 357.67730233939017 445.3657189456214 5.502104640081254
D C 718.3 1366.3 51.8 899.4 -70.7 1510.6
W C
F 392.0713854240481 422.02701904368564 5.653337973414587
D C 821.0 1281.3 108.2 882.4
W C
F 392.0713854240481 422.02701904368564 5.653337973414587
D C 865.4 1230.7 138.0 879.0
W C
F 429.4970137589633 404.33152892281754 5.8068979734145865
D C 990.5 1087.7 221.3 842.1
W C
F 468.30653119905196 392.18136286165907 5.946497973414586
D C 1034.3 1035.8 249.3 824.2
W C
F 510.3544408604079 386.25315928015925 6.109364640081253
D C 1117.9 868.2 321.9 778.7
W C
F 552.0953536150279 386.8138605423101 6.262924640081253
D C 1169.4 756.9 368.4 738.9
W C
F 552.0953536150279 386.8138605423101 6.262924640081253
D C 1186.4 692.7 388.9 718.3
W C
F 592.9112295092322 393.73284181630265 0.1332993329016663
D C 1228.1 496.6 441.6 640.4
W C
F 632.4669977631621 407.113858729646 0.2915126662349996
D C 1241.8 441.1 458.4 619.1
W C
F 669.5180862140003 426.3449540729262 0.4450726662349996
D C 1244.9 232.8 503.6 533.0
W C
F 669.5180862140003 426.3449540729262 0.4450726662349996
D C 1219.6 102.2 521.9 470.9
W C
F 708.8710450728314 447.1359922086491 0.47997266623499957
D C 1209.0 41.7 528.2 442.3 598.4 1583.6
W C
F 748.5938001382647 467.95221801962606 0.4822993329016662
D C 1155.2 -77.2 513.9 389.1 -227.3 1102.7
W C
F 788.3811601849743 488.6446926786776 0.47997266623499957
D C 1138.0 -104.2 504.8 377.4 -217.7 1107.8
W C
F 827.6959955847852 509.11105646137656 0.47997266623499957
D C 1079.7 -145.8 471.7 359.5 -234.2 1119.0
W C 1907.3 975.1 168.7 1525.9
F 827.6959955847852 509.11105646137656 0.47997266623499957
D C 1061.5 -150.0 458.2 358.1 -251.2 1114.9
W C
F 867.4187506502185 529.9272822723536 0.4822993329016662
D C 1016.0 -149.9 411.8 358.0 -302.9 1118.1
W C
F 907.3042409684675 550.8088076733598 0.4822993329016662
D C 985.4 -154.7 381.6 355.0 618.0 1482.2 -325.8 1120.5
W C 1909.8 974.3 166.2 1526.7
F 947.4989211341448 571.8522053642962 0.4822993329016662
D C 965.4 -154.6 363.7 357.6 -338.5 1125.2
W C 1908.9 974.6 167.1 1526.4
F 987.2862811808543 592.5446800233477 0.47997266623499957
D C 920.6 -156.1 865.4 667.9 316.4 356.2 -393.2 1128.9
W C 1913.9 973.0 162.1 1528.0
F 987.2862811808543 592.5446800233477 0.47997266623499957
D C 887.6 -156.1 828.7 664.3 284.4 355.9
W C
F 1027.0090362462875 613.3609058343247 0.4822993329016662
D C 850.6 -157.7 797.1 663.4 250.3 355.9
W C
F 1066.27614686968 633.9186866554703 0.4822993329016662
D C 818.5 -162.2 765.7 657.4 220.1 357.8
W C
F 1106.1616371879288 654.8002120564764 0.4822993329016662
D C 802.3 -166.7 749.5 655.6 206.9 358.1
W C
F 1106.1616371879288 654.8002120564764 0.4822993329016662
D C 758.5 -167.3 700.8 660.0 156.1 358.9
W C
F 1145.7379376587496 675.5198651675523 0.4822993329016662
D C 739.3 -167.8 679.8 660.2 139.5 359.2
W C
F 1185.6234279769985 696.4013905685584 0.4822993329016662
D C 693.8 -171.0 631.8 664.6 94.7 360.3
W C
F 1225.1997284478193 717.1210436796343 0.4822993329016662
D C 666.3 -170.7 595.6 658.1 63.8 362.6
W C
F 1265.0852187660682 738.0025690806405 0.4822993329016662
D C 648.8 -174.7 583.1 656.4 47.9 363.1
W C
F 1265.0852187660682 738.0025690806405 0.4822993329016662
D C 603.7 -176.6 536.2 654.4 -0.3 365.0
W C
F 1303.9907883358035 759.605958485616 0.5032393329016662
D C 570.1 -174.4 500.0 654.1 -32.9 366.1
W C
F 1340.8512702582993 785.8973214793615 0.6032859995683328
D C 540.6 -176.3 467.2 651.6 -64.7 364.7
W C
F 1371.831952190836 818.4343499342806 0.7801126662349995
D C 495.0 -211.8 473.4 623.2 -72.1 366.8
W C 1311.4 1838.5 1672.6 1085.5
F 1371.831952190836 818.4343499342806 0.7801126662349995
D C 467.3 -233.0 477.6 609.1 -77.0 367.7
W C 1309.9 1841.6 1674.1 1082.4
F 1395.8324864743536 856.692972813772 0.9778793329016662
D C 384.1 -301.2 513.5 530.3 421.7 1394.0 -68.8 368.2
W C 1093.9 689.8 1790.1 1100.2
F 1411.8612091767648 895.4612733691569 1.1430726662349995
D C 292.0 -357.5 542.5 445.9 577.0 1315.3 -59.0 372.3
W C 1093.2 689.4 1790.8 1100.6
F 1422.0288735024308 935.935671147817 1.2919793329016662
D C 255.9 -377.3 547.0 414.2 621.5 1275.8 -54.4 372.7
W C 1092.4 688.9 1791.6 1101.1
F 1422.0288735024308 935.935671147817 1.2919793329016662
D C 187.9 -402.9 556.5 357.8 -47.5 373.2
W C 1092.7 689.0 1791.3 1101.0
F 1425.8570802709417 976.97592463661 1.4432126662349996
D C 120.7 -424.8 560.1 299.9 791.8 1126.0 -41.8 374.4
W C 1090.7 687.9 1793.3 1102.1
F 1423.9086074564443 1017.7759549681575 1.585139332901666
D C 45.3 -442.5 558.3 237.8 874.6 1034.6 -34.7 373.1
W C 1089.0 686.9 1795.0 1103.1
F 1415.5499440887572 1058.6752328370865 1.738699332901666
D C 8.6 -446.6 556.9 207.5 -31.4 374.2
W C 1088.1 686.3 1795.9 1103.7
F 1400.844919192258 1092.9990804078998 1.9201793329016659
D C -104.3 -453.2 534.5 120.4 998.4 846.7 194.9 1410.6 -21.0 374.8
W C 1083.6 683.7 1800.4 1106.3
F 1400.844919192258 1092.9990804078998 1.9201793329016659
D C -178.0 -446.0 512.5 55.6 1055.3 725.2 322.9 1383.0 -9.3 369.3 -318.6 961.9
W C 494.7 552.8 1019.5 966.7 1851.9 952.5
F 1379.94318932849 1123.5697480607485 2.1109659995683323
D C 488.7 -19.1 1115.7 575.6 473.2 1325.7 13.1 361.8 -220.7 993.5
W C
F 1353.7946945038407 1149.7676649172304 2.2970993329016656
D C 456.0 -83.1 1153.1 425.6 612.4 1247.4 33.3 351.8
W C 1208.2 731.8 365.8 1473.2
F 1323.2496615716038 1170.6740178364366 2.483232666234999
D C 388.3 -177.5 791.3 1096.5 58.8 334.4
W C
F 1323.2496615716038 1170.6740178364366 2.483232666234999
D C 361.4 -204.4 1167.8 112.3 848.8 1048.9 66.9 327.2
W C
F 1287.9591973900583 1185.5170779057225 2.685652666234999
D C 299.1 -257.6 1139.5 -48.1 958.3 919.4 80.4 309.7
W C 1206.6 733.2 367.4 1471.8
F 1251.1213392224918 1192.9372297041543 2.8834193329016657
D C 230.0 -296.1 1093.5 -195.8 1039.4 787.0 91.0 291.0
W C 1205.3 734.4 368.7 1470.6
F 1214.089411000588 1193.2276160100005 3.074205999568332
D C 160.0 -329.9 1025.6 -345.0 1108.0 642.3 100.3 272.9
W C 1204.7 735.0 369.3 1470.0
F 1174.6615542908612 1189.640909974932 3.1998459995683324
D C 126.2 -345.2 988.0 -411.9 1127.3 564.2 103.5 264.0
W C 1204.9 734.8 369.1 1470.2
F 1174.6615542908612 1189.640909974932 3.1998459995683324
D C 21.0 -374.4 861.3 -590.0 1181.2 351.4 111.6 238.2
W C 1206.3 733.5 367.7 1471.5
F 1129.5357139068815 1187.131786529253 3.1975193329016656
D C -50.1 -379.6 773.3 -670.2 1165.1 240.1 99.6 227.0
W C
F 1085.1147016249663 1184.523117727267 3.1998459995683324
D C -106.3 -380.6 702.3 -697.0 1136.0 194.4 558.8 694.9 69.4 222.0
W C 497.7 683.4 1175.3 745.6
F 1040.51847634414 1181.9222957991462 3.1998459995683324
D C 638.2 -720.6 1103.8 147.3 549.8 679.4 42.0 219.2
W C 495.3 683.2 1177.7 745.8
F 1040.51847634414 1181.9222957991462 3.1998459995683324
D C 583.9 -723.9 1056.0 144.2 505.9 678.8 -5.6 223.2
W C 495.4 683.2 1177.6 745.8
F 995.044204626829 1179.393258764955 3.1975193329016656
D C 568.0 -722.2 1029.5 143.8 487.8 675.9 -21.7 225.9
W C 498.0 683.5 1175.0 745.5
F 950.2747610115836 1176.7646763744563 3.1998459995683324
D C 539.2 -725.9 994.3 145.1 452.1 682.3
W C
F 905.4973519609332 1174.2754665172895 3.1975193329016656
D C 502.1 -721.1 959.5 143.1 423.8 679.6
W C
F 905.4973519609332 1174.2754665172895 3.1975193329016656
D C 472.7 -720.6 927.4 144.1 389.9 684.6
W C
F 861.2436504902225 1171.7979203237303 3.1975193329016656
D C 439.7 -722.3 894.6 141.8 365.5 685.0
W C
F 816.4742068749771 1169.1693379332316 3.1998459995683324
D C 408.0 -724.1 862.3 144.8 327.5 688.2
W C
F 771.6967978243267 1166.6801280760649 3.1975193329016656
D C 363.4 -720.5 813.0 149.4 278.9 692.8
W C
F 726.9273542090813 1164.0515456855662 3.1998459995683324
D C 347.9 -722.6 793.1 145.8 265.8 690.5
W C
F 682.1499451584309 1161.5623358283995 3.1975193329016656
D C 313.2 -723.1 758.5 146.6 233.0 692.6
W C
F 682.1499451584309 1161.5623358283995 3.1975193329016656
D C 264.4 -723.1 708.3 143.7 184.1 692.2
W C
F 637.1993350031421 1159.045773159351 3.1975193329016656
D C 249.0 -721.9 691.2 144.6 166.4 693.4
W C
F 592.5971791901424 1156.548718728047 3.1975193329016656
D C 200.8 -723.4 644.3 145.2 118.3 697.5
W C
F 547.6465690348535 1154.0321560589987 3.1975193329016656
D C 625.4 147.0 103.3 700.2
W C
F 547.6465690348535 1154.0321560589987 3.1975193329016656
D C 153.4 -722.0 592.6 145.0 75.1 701.7
W C
F 502.7252216244481 1151.0277742276662 3.2068259995683324
D C 548.2 148.5 25.4 704.5
W C
F 459.4477737518094 1138.9644670811056 3.383652666234999
D C 94.8 -727.4 530.3 145.4 6.0 704.9
W C
F 425.1157497117209 1115.4371420405664 3.6768126662349987
D C -17.4 -730.3 501.2 85.8 46.7 697.9
W C
F 403.32883089152045 1089.5205358729108 3.918785999568332
D C -69.5 -734.5 488.2 51.5 80.8 694.3
W C
F 403.32883089152045 1089.5205358729108 3.918785999568332
D C -201.2 -720.6 470.1 -31.4 163.9 665.1
W C
F 388.13549000093155 1058.474502207129 4.165412666234999
D C -325.3 -689.0 438.1 -100.9 236.4 637.5
W C
F 380.97386633874623 1025.9459570081292 4.400405999568332
D C 394.8 -176.1 312.9 586.5
W C
F 381.80497906352593 992.0985116308769 4.642379332901665
D C 305.4 -271.4 408.1 491.9
W C
F 381.80497906352593 992.0985116308769 4.642379332901665
D C 272.6 -298.5 432.8 455.2
W C
F 391.1892658244721 958.8047828597328 4.893659332901666
D C 197.6 -343.3 477.5 375.6 -139.4 637.0
W C
F 407.6449988975866 929.6354151415035 5.130979332901666
D C 121.6 -374.7 509.4 295.3 -59.8 642.2
W C
F 430.32093327078536 905.2387533505017 5.365972666235
D C 44.4 -397.5 526.6 212.9 9.4 643.2
W C
F 457.28909061503634 886.9687595923866 5.591659332901666
D C -79.6 -408.3 527.6 77.0 122.2 616.6
W C
F 457.28909061503634 886.9687595923866 5.591659332901666
D C -117.1 -404.9 518.4 38.6 154.2 601.9 -301.8 992.1
W C
F 488.2505033103696 875.1956949399546 5.824325999568333
D C 484.2 -80.6 250.5 552.4 -114.8 1028.0
W C
F 521.4201985644859 870.7617726449956 6.056992666235
D C 463.7 -129.5 284.9 522.4 -45.0 1028.0
W C
F 564.365034877394 863.9647945918024 6.1151593329016665
D C 417.6 -200.3 332.5 472.9 77.4 1016.9
W C
F 564.365034877394 863.9647945918024 6.1151593329016665
D C 340.7 -282.7 370.5 402.0 195.8 988.2
W C
F 608.256078945679 856.6430642181582 6.117485999568333
D C 319.3 -281.9 353.5 402.9 185.7 984.8
W C
F 652.3162177857802 849.2747706985566 6.117485999568333
D C 240.6 -305.9 991.3 835.3 327.0 374.9 198.7 971.5
W C
F 696.7205764605696 841.8489123858332 6.117485999568333
D C 214.0 -309.4 977.9 824.1 314.1 371.6 186.3 971.4
W C
F 740.4364954659826 834.5381836593534 6.117485999568333
D C 178.8 -306.2 951.2 821.8 285.9 373.9 158.4 970.3
W C
F 740.4364954659826 834.5381836593534 6.117485999568333
D C 128.9 -302.7 907.0 823.3 235.7 375.3 107.0 971.2
W C
F 784.8408541407721 827.11232534663 6.117485999568333
D C 113.7 -302.3 890.0 822.9 222.3 376.8 94.9 971.5
W C
F 829.2452128155616 819.6864670339065 6.117485999568333
D C 66.0 -310.7 840.0 820.9 174.6 375.8 44.1 974.0
W C
F 873.3053516556628 812.3181735143049 6.117485999568333
D C 33.1 -313.4 805.3 821.5 142.7 377.7 11.2 970.1
W C
F 917.7097103304523 804.8923152015815 6.117485999568333
D C 19.5 -314.1 787.0 817.8 126.4 379.8 -3.7 969.8
W C
F 917.7097103304523 804.8923152015815 6.117485999568333
D C -32.5 -322.0 739.6 817.2 75.5 375.2 -57.4 971.4
W C
F 963.0735013055407 802.2716873803843 6.2105526662349995
D C -47.5 -322.1 722.7 813.6 62.7 376.4 -69.6 973.6
W C
F 1007.9576685920383 804.2576298628163 0.02741402572207985
D C -112.3 -327.2 725.8 768.1 37.2 368.9
W C
F 1052.419037200602 810.7166655492986 0.12746069238874652
D C 737.4 716.2 29.7 360.8
W C
F 1052.419037200602 810.7166655492986 0.12746069238874652
D C 749.0 659.2 21.4 352.5
W C
F 1095.866911183895 821.4343964475418 0.22518069238874655
D C 758.7 612.0 13.7 349.5
W C
F 1138.3976769100339 836.4343774870343 0.3229006923887465
D C 758.2 585.2 7.2 348.2
W C
F 1178.7263308645454 855.4337736500175 0.4229473590554132
D C 770.6 508.9 -4.5 342.3
W C
F 1178.7263308645454 855.4337736500175 0.4229473590554132
D C 766.6 476.4 -6.5 341.0
W C
F 1216.8118142691237 878.975731235158 0.5346273590554131
D C 760.5 392.3 151.5 927.9 -23.1 337.4
W C
F 1249.3906830304834 910.2545608289832 0.7323940257220798
D C 755.6 338.4 180.4 910.6 -30.4 337.6
W C
F 1274.9540343936185 947.0673762302638 0.9301606923887464
D C 757.7 290.3 220.0 892.9 -24.9 334.6
W C
F 1293.0320820350435 984.7090367843382 1.0883740257220798
D C 753.6 172.2 303.5 850.2 -19.5 330.7
W C
F 1293.0320820350435 984.7090367843382 1.0883740257220798
D C 738.4 98.5 347.6 819.4 -20.3 325.7
W C
F 1305.5599529653286 1023.7627331936052 1.2279740257220797
D C 717.3 27.0 393.3 776.9 -18.0 321.5
W C
F 1312.2768981954239 1063.7015769155923 1.3699006923887462
D C 686.3 -48.0 429.1 732.3 -16.8 318.1
W C
F 1312.8463982112914 1105.4423705499507 1.5234606923887462
D C 674.1 -78.4 446.2 710.7 -17.8 317.5
W C 1209.3 1842.9 464.7 1496.1
F 1311.7655704280432 1148.387565360121 1.5839540257220794
D C 609.6 -186.5 504.6 627.4 -14.5 310.6
W C
F 1311.7655704280432 1148.387565360121 1.5839540257220794
D C 563.9 -251.5 530.6 579.1 277.6 1401.2 -14.4 307.3
W C
F 1311.1778066613483 1193.055698494992 1.5839540257220794
D C 514.5 -280.6 518.6 548.9 -35.7 302.6
W C
F 1310.5900428946534 1237.7238316298628 1.5839540257220794
D C 462.0 -312.3 514.2 521.3 -55.7 302.8
W C
F 1310.0068710323858 1282.0429949746176 1.5839540257220794
D C 438.5 -324.7 505.4 512.4 343.0 1356.1
W C
F 1310.0068710323858 1282.0429949746176 1.5839540257220794
D C 383.7 -330.5 458.1 506.2
W C
F 1309.2898542621099 1327.2328506700812 1.586280692388746
D C 366.5 -329.6 439.9 510.8 282.2 1358.8
W C
F 1308.603568151292 1371.5505372113944 1.586280692388746
D C 314.1 -329.4 389.6 509.6 234.2 1355.6
W C
F 1307.9064743851854 1416.5661400761928 1.586280692388746
D C 281.4 -334.0 358.1 509.2
W C
F 1307.209380619079 1461.5817429409913 1.586280692388746
D C 264.3 -331.8 342.2 513.0 188.3 1362.5
W C
F 1307.209380619079 1461.5817429409913 1.586280692388746
D C 211.3 -333.1 291.9 512.5
W C
F 1306.5176906806166 1506.2483876440472 1.586280692388746
D C 162.4 -332.1 238.8 514.0
W C
F 1301.5412263185622 1551.2228741079182 1.6677140257220793
D C 143.5 -331.4 221.4 517.6
W C
F 1292.1553159958637 1594.977784651645 1.7654340257220793
D C 109.7 -338.3 205.5 510.3 87.2 1366.9
W C
F 1292.1553159958637 1594.977784651645 1.7654340257220793
D C 51.7 -354.2 204.8 495.6 152.2 1344.3
W C
F 1278.470491573771 1637.4054049582 1.865480692388746
D C -2.0 -366.8 201.7 479.7 201.0 1334.0
W C
F 1260.3806627804438 1678.9106936556136 1.9655273590554125
D C -89.3 -367.3 193.6 452.6 287.5 1303.5
W C
F 1238.7186173635698 1717.6703215006064 2.0632473590554126
D C -114.9 -367.4 192.3 445.6
W C
F 1238.7186173635698 1717.6703215006064 2.0632473590554126
D C 188.6 433.5
W C
F 1209.8122291231546 1752.4973586693602 2.235420692388746
D C 180.2 421.1 -535.6 1553.0
W C
F 1174.7763503798556 1780.7108059667173 2.430860692388746
D C 191.5 396.3 -394.3 1589.8
W C
F 1137.468985154497 1801.3941253456646 2.6007073590554124
D C 195.4 385.9 -341.6 1607.4
W C
F 1098.7761594673327 1817.7339184171067 2.717040692388746
D C 197.8 352.4 -152.7 1641.1
W C
F 1098.7761594673327 1817.7339184171067 2.717040692388746
D C 201.8 323.6
W C
F 1057.751971801723 1836.2786337661441 2.717040692388746
D C 186.7 307.7 73.9 1631.5
W C
F 1017.3638180534094 1854.53583414853 2.717040692388746
D C 156.7 300.3 108.7 1625.6
W C
F 975.0487098339338 1869.5174371673033 2.7891673590554125
D C 777.9 870.3 142.8 297.7 130.5 1647.7
W C
F 931.7590604104603 1880.1342352985325 2.884560692388746
D C 744.5 853.8 91.7 296.6 109.0 1630.4
W C
F 931.7590604104603 1880.1342352985325 2.884560692388746
D C 769.1 794.2 75.3 286.5
W C
F 887.0802978276877 1886.3272205543626 2.9869340257220793
D C 796.1 731.6 59.8 275.2
W C
F 841.837379363194 1888.0619321853567 3.086980692388746
D C 798.9 673.2 39.8 269.8
W C
F 797.1670345267707 1885.3883949272872 3.1847006923887458
D C 806.7 646.7 27.1 268.4 -373.5 1413.0
W C
F 797.1670345267707 1885.3883949272872 3.1847006923887458
D C 816.6 568.6 474.0 1516.4 -0.2 265.4
W C
F 752.8125052982416 1878.2324060046174 3.2847473590554124
D C 572.4 1473.6 -29.0 267.1
W C
F 709.8806288562365 1866.9007270692857 3.382467359055412
D C 817.8 457.5 599.2 1437.2
W C
F 667.128278721926 1850.9693332953825 3.482514025722079
D C 813.0 394.5 662.2 1391.8
W C
F 627.5823801509742 1831.5558397972459 3.5802340257220786
D C 801.2 338.3 710.7 1352.0
W C
F 627.5823801509742 1831.5558397972459 3.5802340257220786
D C 783.6 281.0 764.5 1295.6 35.1 1477.0
W C
F 589.1945531453049 1807.8864460107618 3.6779540257220784
D C 764.5 209.6 833.2 1216.3 116.1 1466.2
W C
F 553.1511729552252 1780.1927905272053 3.780327359055412
D C 750.4 188.6 850.1 1201.2 138.7 1465.5 -131.7 814.5
W C
F 520.2338063910804 1749.3656524356054 3.8780473590554116
D C 727.1 133.6 899.2 1132.4 210.0 1454.1 -106.8 819.3
W C
F 520.2338063910804 1749.3656524356054 3.8780473590554116
D C 698.3 82.3 944.5 1076.4 270.3 1433.5 -82.0 825.8
W C
F 490.94013999916484 1715.7612108592323 3.9780940257220783
D C 666.6 37.4 967.4 1005.2 325.5 1413.6 -64.3 828.6
W C
F 464.9288490484534 1679.1286408753606 4.078140692388745
D C 622.5 -24.4 1014.1 914.9 411.7 1376.0 -33.9 834.3
W C
F 442.50611402701963 1639.999541491457 4.175860692388745
D C 604.6 -51.6 1023.5 862.5 449.3 1363.5 -13.3 827.0
W C
F 424.3348962042395 1599.485842509975 4.2735806923887445
D C 568.7 -89.3 1040.7 798.1 498.2 1330.7 -0.6 831.2
W C
F 424.3348962042395 1599.485842509975 4.2735806923887445
D C 527.9 -130.1 1061.6 724.8 555.9 1288.5 29.9 827.4
W C
F 408.48074393335764 1557.6845736205187 4.338727359055412
D C 489.8 -161.4 1074.0 658.4 599.7 1250.5 49.9 822.7
W C
F 391.99705766483413 1515.9772527523176 4.336400692388745
D C 424.9 -203.8 1063.6 573.7 634.1 1206.3 54.5 815.3
W C
F 375.46570845268946 1474.1011863870758 4.336400692388745
D C 408.4 -202.0 1043.3 583.6 616.2 1207.9 36.9 814.5
W C
F 375.46570845268946 1474.1011863870758 4.336400692388745
D C 380.0 -201.3 1007.7 584.2 584.3 1208.8 4.4 815.2
W C
F 359.06250923443736 1432.549740691332 4.336400692388745
D C 962.2 581.7 529.8 1207.7 -43.5 821.1
W C
F 342.7087307489971 1390.7913109285723 4.338727359055412
D C 314.8 -199.0 943.1 578.1 513.7 1211.2 -58.9 823.9
W C
F 326.22504448047357 1349.0839900603712 4.336400692388745
D C 265.7 -198.0 891.4 580.9 465.3 1208.9 -108.0 828.4
W C
F 309.5655452744363 1306.8833030256314 4.336400692388745
D C 869.8 582.1 451.0 1216.1 -123.8 830.4
W C
F 309.5655452744363 1306.8833030256314 4.336400692388745
D C 819.7 578.2 395.0 1211.1 -171.4 832.0
W C
F 297.5860018892599 1263.5967602104322 4.427140692388745
D C 786.8 577.0 369.8 1208.9 -199.2 836.0
W C
F 290.1406395718956 1220.176391677342 4.524860692388745
D C 791.9 547.7 397.6 1194.2 -178.9 841.8
W C
F 286.92001337701214 1175.014920681145 4.6249073590554115
D C 800.5 487.3 456.3 1164.3 -151.4 853.1
W C
F 286.92001337701214 1175.014920681145 4.6249073590554115
D C 792.5 440.1 486.3 1136.8 -131.6 864.4
W C
F 288.11060159514875 1129.9322414780222 4.722627359055411
D C 783.9 354.0 551.8 1073.5 -89.2 871.4
W C
F 291.7314163242416 1085.3770925940087 4.783120692388745
D C 773.2 321.0 577.4 1051.0 -73.1 872.3
W C
F 294.77916678645494 1040.634230100396 4.780794025722078
D C 760.3 264.8 611.3 1007.6 -49.1 875.8
W C
F 297.9419197592371 996.2492272424302 4.783120692388745
D C 717.7 259.9 567.3 1010.5 -90.0 879.8
W C
F 297.9419197592371 996.2492272424302 4.783120692388745
D C 700.2 258.4 553.8 1008.0 -106.8 882.8
W C
F 301.09901278425656 951.6889271129273 4.783120692388745
D C 647.3 264.1 502.1 1014.8 -159.5 883.0
W C
F 304.1467632464699 906.9460646193146 4.780794025722078
D C 631.6 262.2 485.8 1013.0 -177.4 888.3
W C
F 307.33377599829504 862.212906037319 4.783120692388745
D C 597.3 265.3 449.4 1015.8 -211.3 886.6
W C
F 307.33377599829504 862.212906037319 4.783120692388745
D C 549.5 266.6 401.0 1013.9 -258.8 889.9
W C
F 310.4300460185943 816.7737320956471 4.780794025722078
D C 534.7 265.6 387.7 1016.7 -272.4 895.5
W C
F 313.45959887998134 772.5543908696625 4.780794025722078
D C 487.4 268.7 335.3 1017.6
W C
F 316.6466116318065 727.8212322876669 4.783120692388745
D C 455.4 265.9 303.6 1014.8
W C
F 316.6466116318065 727.8212322876669 4.783120692388745
D C 436.2 267.4 290.6 1016.7
W C
F 319.8283694460839 682.9128048134023 4.783120692388745
D C 389.4 271.1 237.9 1018.8
W C
F 322.87611990829726 638.1699423197896 4.780794025722078
D C 372.0 272.8 218.6 1021.1
W C
F 326.0631326601224 593.436783737794 4.783120692388745
D C 327.8 272.8 173.6 1023.7
W C
F 328.989584227121 550.4346998643293 4.780794025722078
D C 311.1 273.8 154.6 1026.0
W C
F 329.50802128422146 543.9986709255903 4.783120692388745
D C 275.0 275.4 119.7 1028.7
W C
F 329.50802128422146 543.9986709255903 4.783120692388745
D C 236.5 272.9 87.6 1026.0
W C
F 329.50802128422146 543.9986709255903 4.783120692388745
D C 238.9 274.0 90.6 1024.0
W C
F 329.50802128422146 543.9986709255903 4.783120692388745
D C 240.1 275.4 90.5 1022.8
W C
F 329.50802128422146 543.9986709255903 4.783120692388745
D C 239.5 274.7 90.1 1019.0
W C
F 329.50802128422146 543.9986709255903 4.783120692388745
D C 238.7 273.7 90.6 1024.2
W C
F 329.50802128422146 543.9986709255903 4.783120692388745
D C 238.7 273.7 90.6 1024.6
W C
F 329.50802128422146 543.9986709255903 4.783120692388745
D C 239.2 274.3 90.6 1024.1
W C
