F 1811.2807969707003 1851.3417963390668 3.7304031199776575
E -0.5973482882648528 79.42879296106192 63.35096477006874 0.10005330955533269
W C 1291.0 1881.0 383.0 1458.0 482.0 682.0 1191.0 747.0 1693.0 1043.0 1805.0 190.0 
F 1807.8145282766418 1844.9010736103276 3.7304059948216857
E -0.617502786855475 69.54625260893991 49.990165246147804 0.08138746374578634
W C 1291.0 1881.0 383.0 1458.0 482.0 682.0 1191.0 747.0 1693.0 1043.0 1805.0 190.0 
F 1806.3974841036993 1842.3338963705737 3.7302509175180645
E -0.6259008598657826 62.73178951428498 42.573275496437304 0.0710413963940249
W C 1291.0 1881.0 383.0 1458.0 482.0 682.0 1191.0 747.0 1693.0 1043.0 1805.0 190.0 
F 1805.516357911193 1840.379212221665 3.7298718299132463
E -0.6305752767291963 57.615633166142544 37.70093827954773 0.06404758855798959
W C 1291.0 1881.0 383.0 1458.0 482.0 682.0 1191.0 747.0 1693.0 1043.0 1805.0 190.0 
F 1805.1004608651626 1839.0036697978403 3.729464304164131
E -0.6336766709633064 53.58173150165738 34.18837035465106 0.05885831538724799
W C 1291.0 1881.0 383.0 1458.0 482.0 682.0 1191.0 747.0 1693.0 1043.0 1805.0 190.0 
F 1804.6217536819022 1838.0741797251521 3.729266443348648
E -0.6359154620789762 50.292181103283646 31.50278845074841 0.054789403527180154
W C 1291.0 1881.0 383.0 1458.0 482.0 682.0 1191.0 747.0 1693.0 1043.0 1805.0 190.0 
F 1804.3191326899491 1837.4785123443316 3.7291399499442837
E -0.6376131118004118 47.54242664778208 29.363409218037983 0.05148015359703355
W C 1291.0 1881.0 383.0 1458.0 482.0 682.0 1191.0 747.0 1693.0 1043.0 1805.0 190.0 
F 1804.1028686666118 1837.0852894143627 3.7290676902844186
E -0.6389401981543876 45.19934688415283 27.607385008740707 0.04871612625202137
W C 1291.0 1881.0 383.0 1458.0 482.0 682.0 1191.0 747.0 1693.0 1043.0 1805.0 190.0 
F 1803.9551909243346 1836.788710229819 3.7290058505441395
E -0.6400044101891026 43.171689457943444 26.132521410747078 0.046360303210824814
W C 1291.0 1881.0 383.0 1458.0 482.0 682.0 1191.0 747.0 1693.0 1043.0 1805.0 190.0 
F 1803.8728048331031 1836.4462979617495 3.7288295157718188
E -0.6408822192516921 41.39442959220413 24.87106927090705 0.044320046150385144
W C 1291.0 1881.0 383.0 1458.0 482.0 682.0 1191.0 747.0 1693.0 1043.0 1805.0 190.0 
F 1803.769111341886 1836.2910520505218 3.7288173856396933
E -0.6416270023668871 39.819873284406505 23.776124084861713 0.04252982677639265
W C 1291.0 1881.0 383.0 1458.0 482.0 682.0 1191.0 747.0 1693.0 1043.0 1805.0 190.0 
F 1803.745821077553 1836.0974934396868 3.7287403207568985
E -0.6422570549160208 38.41230621375523 22.814016822264307 0.04094209839183607
W C 1291.0 1881.0 383.0 1458.0 482.0 682.0 1191.0 747.0 1693.0 1043.0 1805.0 190.0 
F 1803.8226647630797 1835.9362845053674 3.728630307645769
E -0.6428134804154247 37.144190786730114 21.959938566410944 0.039521162059028274
W C 1291.0 1881.0 383.0 1458.0 482.0 682.0 1191.0 747.0 1693.0 1043.0 1805.0 190.0 
F 1784.6445161175802 1823.076042605909 3.7291266807339976
E -0.6185310052962347 35.454906351127235 21.80767720686525 0.07049254552215163
W C 1291.0 1881.0 383.0 1458.0 482.0 682.0 1191.0 747.0 1693.0 1043.0 1805.0 190.0 
F 1750.9915175800531 1800.4141930175567 3.72749162298473
E -0.542684857894553 33.74270290068816 22.907776162817907 0.08924568355568778
W C 1291.0 1881.0 383.0 1458.0 482.0 682.0 1191.0 747.0 1693.0 1043.0 1805.0 190.0 
F 1717.9981737229732 1778.0659388454458 -2.553321464105193
E -0.4475642580335254 32.39761044732651 23.603151086788518 0.0901533746131281
W C 1291.0 1881.0 383.0 1458.0 482.0 682.0 1191.0 747.0 1693.0 1043.0 1805.0 190.0 
F 1685.1147044810627 1756.477879238517 -2.5604517502397695
E -0.34846391890991374 31.398228782359766 24.061868899382453 0.09549516614874558
W C 1291.0 1881.0 383.0 1458.0 482.0 682.0 1191.0 747.0 1693.0 1043.0 
F 1686.861009044246 1758.1540686101512 -2.5593569466933936
E -0.39972658501328984 30.45130841335482 23.078993213054748 0.07487697039734952
W C 1291.0 1881.0 383.0 1458.0 482.0 682.0 1191.0 747.0 1693.0 1043.0 
F 1650.8722557371273 1735.191201719248 -2.5613446856358904
E -0.27397178751263773 29.682915229414498 23.37158159407341 0.09391686634470549
W C 1291.0 1881.0 383.0 1458.0 482.0 682.0 1191.0 747.0 1693.0 1043.0 
F 1616.3995308615692 1712.9329218834555 -2.561646764822933
E -0.1584091020702146 29.10660839079531 23.34789001722415 0.09521505757012004
W C 1291.0 1881.0 383.0 1458.0 482.0 682.0 1191.0 747.0 1693.0 1043.0 
F 1583.521526339114 1691.5736114807457 -2.563669895944212
E -0.06474670446540425 28.57754998297694 23.13504972345737 0.09510328827965038
W C 1291.0 1881.0 383.0 1458.0 482.0 682.0 1191.0 747.0 1693.0 1043.0 
F 1551.6167318937917 1670.7328867734884 -2.5656631960818057
E 0.009759159282550783 28.020391141538735 22.853670892922096 0.09499250757750176
W C 1291.0 1881.0 383.0 1458.0 482.0 682.0 1191.0 747.0 1693.0 1043.0 
F 1553.871414638982 1672.4568312679364 -2.5657250482549077
E -0.11106849941124125 26.515885299130304 22.040788685385785 0.07368303511868889
W C 1291.0 1881.0 383.0 1458.0 482.0 682.0 1191.0 747.0 1693.0 1043.0 
F 1517.8706533747313 1649.2837150219138 -2.564667701936417
E 0.019880789913749013 26.228093391979254 21.895016380643405 0.09329211216518546
W C 1291.0 1881.0 383.0 1458.0 482.0 682.0 1191.0 747.0 1693.0 1043.0 
F 1482.0733749078693 1624.7580821973536 -2.5500738393184683
E 0.20618181550911477 27.09520887099753 22.038146490536388 0.10226292200006766
W C 383.0 1458.0 482.0 682.0 1191.0 747.0 1693.0 1043.0 
F 1481.0172623996755 1624.425923151515 -2.5555656754120046
E 0.17450210512011416 26.352626731287575 21.639026475399916 0.08063983862685374
W C 383.0 1458.0 482.0 682.0 1191.0 747.0 1693.0 1043.0 
F 1443.4817342175681 1598.8603105591287 -2.555866598437942
E 0.33071338243222387 27.32454613215052 21.456203171465475 0.09467982883862268
W C 383.0 1458.0 482.0 682.0 1191.0 747.0 1805.0 190.0 1693.0 1043.0 
F 1408.3536513979607 1575.2693409352412 -2.560358713864625
E 0.4195915912741937 26.57315692177421 21.107381753184814 0.08945871181399352
W C 1291.0 1881.0 383.0 1458.0 482.0 682.0 1191.0 747.0 1805.0 190.0 1693.0 1043.0 
F 1374.399768489045 1552.255017048483 -2.5618218817887337
E 0.49249984840747735 26.280665817930853 20.745034520004516 0.0891655568982665
W C 1291.0 1881.0 383.0 1458.0 482.0 682.0 1191.0 747.0 1805.0 190.0 1693.0 1043.0 
F 1337.8075122061161 1527.340494681105 -2.554548306268207
E 0.5288399628163847 27.40508854727867 20.517391471971504 0.09490079448854703
W C 383.0 1458.0 482.0 682.0 1191.0 747.0 1805.0 190.0 1693.0 1043.0 
F 1303.1793119640988 1503.607328801041 -2.5459377161744996
E 0.5628807841296678 28.372893061717154 20.289650644495495 0.09578084552026771
W C 383.0 1458.0 482.0 682.0 1191.0 747.0 1805.0 190.0 1693.0 1043.0 
F 1303.2500595453307 1503.7279971696462 -2.5497792637881593
E 0.5422920413498983 27.347286376628244 19.811533962273288 0.07446637009769891
W C 383.0 1458.0 482.0 682.0 1191.0 747.0 1805.0 190.0 1693.0 1043.0 
F 1265.4318982204393 1478.793196437396 -2.558122696959539
E 0.5770696305448385 28.333259293190935 19.478847994982683 0.0942836066548445
W C 383.0 1458.0 482.0 682.0 1191.0 747.0 1805.0 190.0 1693.0 1043.0 
F 1229.9094279041158 1454.7779618794423 -2.551056178061147
E 0.6006239586384653 29.147931544911263 19.27643479307431 0.09598341840391375
W C 383.0 1458.0 482.0 682.0 1191.0 747.0 1805.0 190.0 1693.0 1043.0 
F 1194.038941165538 1430.869179846727 -2.550693870502896
E 0.6208825160407587 29.816253229118566 19.13039637627581 0.09621374362826166
W C 383.0 1458.0 482.0 682.0 1191.0 747.0 1805.0 190.0 1693.0 1043.0 
F 1194.169861770229 1431.3231090097065 -2.555183571414375
E 0.6062495733309153 28.594289916259463 18.665807871194747 0.07471195128245753
W C 383.0 1458.0 482.0 682.0 1191.0 747.0 1805.0 190.0 1693.0 1043.0 
F 1157.3957814804342 1407.4309194491154 -2.5653118222356195
E 0.6219669655711922 29.551671157899673 18.48824452915976 0.099856553451336
W C 383.0 1458.0 482.0 682.0 1191.0 747.0 1805.0 190.0 
F 1121.521027653429 1384.024830157381 -2.56489417211896
E 0.6290894701510202 30.333099471835027 18.450985992578108 0.1025116063098449
W C 383.0 1458.0 482.0 682.0 1191.0 747.0 1805.0 190.0 
F 1086.5176152131419 1361.3318361987688 -2.564649943601591
E 0.6345417083585995 30.932643737099287 18.468229310010084 0.10271297774794944
W C 383.0 1458.0 482.0 682.0 1191.0 747.0 1805.0 190.0 
F 1051.0036757276703 1338.97241936418 -2.5708131816425657
E 0.6391155165166632 31.381221788230917 18.50211211850673 0.10283588814079107
W C 383.0 1458.0 482.0 682.0 1191.0 747.0 1805.0 190.0 
F 1052.1409683119916 1339.8126733826264 -2.5724886865028926
E 0.6313781734607299 30.060537584894266 18.085188488562896 0.08030403691532664
W C 383.0 1458.0 482.0 682.0 1191.0 747.0 1805.0 190.0 
F 1016.6295141619644 1317.39950465439 -2.5745082200766456
E 0.6341216248940156 30.586223272877746 17.951992978369386 0.10046130171829677
W C 383.0 1458.0 482.0 682.0 1191.0 747.0 1805.0 190.0 
F 982.12059831743 1295.5269099150091 -2.5707108146480815
E 0.6367209108838267 30.96038525444722 17.96916958435771 0.10268429113246948
W C 383.0 1458.0 482.0 682.0 1191.0 747.0 1805.0 190.0 
F 948.3750220818685 1274.4381814404642 -2.5722742215952312
E 0.6392539920559462 31.187903964274717 18.042006793219667 0.10288695476850805
W C 383.0 1458.0 482.0 682.0 1191.0 747.0 1805.0 190.0 
F 950.461371157807 1276.2413741009423 -2.5748756553155725
E 0.6312450845077054 29.717899354158792 17.611707015388113 0.08031256269169572
W C 383.0 1458.0 482.0 682.0 1191.0 747.0 1805.0 190.0 
F 914.4464417826773 1253.986144847489 -2.579073485639377
E 0.6324586650508301 30.12504464136831 17.53210872242638 0.1006605357885238
W C 383.0 1458.0 482.0 682.0 1191.0 747.0 1805.0 190.0 
F 879.5498616306639 1232.5202288484809 -2.580148116319577
E 0.6328689248881002 30.372975100326727 17.61254793863924 0.10281930504848719
W C 383.0 1458.0 482.0 682.0 1191.0 747.0 1805.0 190.0 
F 845.7442174790946 1211.8052505945968 -2.5791297403089586
E 0.6329084889986557 30.5020462316376 17.754830865987554 0.10315440547349526
W C 383.0 1458.0 482.0 682.0 1191.0 747.0 1805.0 190.0 
F 811.7893222713487 1191.7920970670696 -2.584759572719636
E 0.6286300761360508 30.600031212154175 18.02519160682174 0.11220371857179673
W C 383.0 1458.0 482.0 682.0 1191.0 747.0 
F 811.4881797655971 1192.3451901258043 -2.589612128445955
E 0.6208704487274758 28.99863456461669 17.57104010205585 0.08893049860693523
W C 383.0 1458.0 482.0 682.0 1191.0 747.0 
F 775.5859771484033 1171.237609042297 -2.593269704920416
E 0.6136248495669693 29.316308295496814 17.6744746560698 0.11013759971069426
W C 383.0 1458.0 482.0 682.0 1191.0 747.0 
F 739.178999462919 1150.0197233610704 -2.59834520701561
E 0.6086235556724379 29.496482236358677 17.960339924321673 0.11319916689518925
W C 383.0 1458.0 482.0 682.0 1191.0 747.0 
F 705.4221271474764 1130.6068934059065 -2.598708389902066
E 0.6069803868079287 29.5677985303677 18.311615359454848 0.11379061180353456
W C 383.0 1458.0 482.0 682.0 1191.0 747.0 
F 705.1921765919698 1131.5313610142389 -2.606147685142511
E 0.6009678879430927 28.33270981312096 17.83885380853907 0.09522299344047162
W C 383.0 1458.0 482.0 682.0 
F 665.9576723147078 1109.4444659039236 -2.6168459768811414
E 0.5863761399830071 29.031382949830512 18.08841779913323 0.12248288695458276
W C 383.0 1458.0 482.0 682.0 
F 628.7491708029127 1088.93981626841 -2.6260024737064698
E 0.5755981247100587 29.46699836825501 18.556501222714065 0.12788656631491227
W C 383.0 1458.0 482.0 682.0 
F 591.302436233895 1068.2413937566732 -2.6307431914159625
E 0.5763778934709076 29.659158968468496 19.110702204529648 0.12898788606215847
W C 383.0 1458.0 482.0 682.0 
F 591.1064343747871 1068.419917104989 -2.6309169934335057
E 0.5998279448095651 28.152818650378098 18.46794929737152 0.1040087143053997
W C 383.0 1458.0 482.0 682.0 
F 553.1284145623066 1047.5189882097143 -2.63282588950403
E 0.606369547579201 28.504326347616175 18.80493306970233 0.12485595215033142
W C 383.0 1458.0 482.0 682.0 
F 514.3705545587113 1026.480926866339 -2.6378439243114964
E 0.6338074606339339 28.655126413569427 19.35361910635052 0.129442186599983
W C 383.0 1458.0 482.0 682.0 
F 479.30817319360295 1006.5979809157079 -2.6274224989905295
E 0.6829813827322778 28.725912647516083 20.021666718564262 0.13153694263638696
W C 383.0 1458.0 482.0 682.0 
F 444.1964559276509 986.5640292946761 -2.59223622467905
E 0.7482643599420825 29.292820438906375 20.72188124740769 0.13862353616280948
W C 383.0 1458.0 482.0 682.0 
F 444.6308460163132 988.2229348040772 -2.6067982390652
E 2.3680993062037814 19.932825372720593 27.540900580290746 0.11078961848088763
W C 383.0 1458.0 482.0 682.0 
F 408.82182945469066 961.2336767799442 -2.5103635361206598
E 2.436718559638981 20.482121441002683 30.226645766974364 0.1621755783702914
W C 482.0 682.0 
F 375.8501429603333 929.7479663795018 -2.402862980884853
E 2.54832336436332 20.952272695286293 32.44234834935602 0.1536036826351069
W C 482.0 682.0 1805.0 190.0 
F 347.4907355244259 897.1039046663287 -2.3092457641847925
E 2.6702079595393555 21.317356081743934 34.18877648361065 0.1550336237524642
W C 482.0 682.0 1805.0 190.0 
F 322.3091051054758 861.922615881682 -2.2156227572274068
E 2.7948018738435545 21.647132804780572 35.524026397910305 0.15834530410586425
W C 482.0 682.0 1805.0 190.0 
F 322.2581048144136 861.6348717311945 -2.2179379667883605
E 2.807175247654809 21.00919649422865 33.98009471450999 0.13275844519593488
W C 482.0 682.0 1805.0 190.0 
F 300.1600576693213 824.057032911652 -2.1236864697143414
E 2.9194370858592493 21.131389802752544 35.16972476280893 0.15610947152444227
W C 482.0 682.0 1805.0 190.0 
F 282.1353362607634 783.5428219674325 -2.012395022260288
E 3.0650980640079375 21.735669090819638 38.038906257457974 0.20113995172230062
W C 482.0 682.0 
F 269.5994700545059 742.0893944816984 -1.8950176440050424
E -3.0439638040967876 22.634891684803762 41.75108297765031 0.22783212550701948
W C 482.0 682.0 
F 260.4318336407016 698.3970918213291 -1.796520272060065
E -2.859770814003762 23.698032908582473 46.34783000098728 0.2497147353854698
W C 482.0 682.0 
F 260.4318336407016 698.3970918213291 -1.796520272060065
E -2.859770814003762 23.698032908582473 46.34783000098728 0.2497147353854698
W C 
F 250.5507684952697 660.8864322515541 -1.7195708300168486
E -2.7920725984639336 25.696417738680204 45.984954420261154 0.20861623986685593
W C 1805.0 190.0 
F 246.5659010454119 619.986800661015 -1.613853015814432
E -2.783926048686215 27.68964874326176 47.88797341548491 0.20005826129785675
W C 1805.0 190.0 
F 245.22739200892207 578.9419295520153 -1.5358607728969416
E -2.781685974823746 29.287452679968673 49.85836741220375 0.19519993757155896
W C 1805.0 190.0 
F 249.05860956234534 577.9437655074919 -1.5072317803325022
E -2.816961581858227 28.179969378861333 49.041645478460524 0.1385437258877144
W C 1805.0 190.0 1191.0 747.0 
F 257.95803770586247 537.9334748523561 -1.3915706259044975
E -2.808096019968913 28.380614377308586 50.61979221228289 0.14940573092708145
W C 1805.0 190.0 1191.0 747.0 
F 273.55939586921625 498.2026238154195 -1.2522157221958674
E -2.7899153121984495 28.157253468847124 52.02382103009304 0.13386682476676634
W C 1805.0 190.0 1191.0 747.0 1693.0 1043.0 
F 292.7074241855764 461.18637503896827 -1.1354848551225638
E -2.7593632941534945 28.19663904743143 53.0871200610495 0.14806228273478378
W C 1805.0 190.0 1191.0 747.0 
F 294.9138969422368 460.7406016035317 -1.1279557066752062
E -2.776935961247031 27.534545742902594 52.382702644998645 0.11968362183079027
W C 1805.0 190.0 1191.0 747.0 
F 321.32910846413864 426.68693969936567 -0.974254873921665
E -2.7360854888616597 27.542757052983525 53.23937311432255 0.14613682256441793
W C 1805.0 190.0 1191.0 747.0 
F 348.0385722152196 396.46303737901496 -0.8766065216339063
E -2.6931579753145494 27.766099907667297 53.56256209821453 0.14766947100493535
W C 1805.0 190.0 1191.0 747.0 
F 380.75406182504344 368.49313138557034 -0.7444825646516972
E -2.6429266935040423 28.18220641317211 53.92790758506076 0.15081473399705092
W C 1805.0 190.0 1191.0 747.0 
F 414.7129380009694 344.986883486234 -0.6329166263891878
E -2.593004288200713 28.65208100738627 53.863851142092756 0.1496334569668048
W C 1805.0 190.0 1191.0 747.0 
F 416.7083818541253 345.2843683156294 -0.6254567187967398
E -2.610305527423431 27.912026886299735 52.9382065951783 0.1201307505034652
W C 1805.0 190.0 1191.0 747.0 
F 456.7512069942454 327.6947113709233 -0.4681751127238391
E -2.552487522767693 28.413436929048753 52.66283121874454 0.14511502697227593
W C 1805.0 190.0 1191.0 747.0 
F 494.96025436570136 313.75347634643987 -0.37058929022804526
E -2.492210923882754 29.189895204942243 52.04374824478721 0.14856822717656362
W C 1805.0 190.0 1191.0 747.0 
F 536.4437085065546 305.61820639333706 -0.2364896189868915
E -2.4323142428933595 29.938895208050766 51.23233730236449 0.14802692870666304
W C 1805.0 190.0 1191.0 747.0 
F 540.8054481294166 307.3931187435228 -0.2040316314292583
E -2.453675954854969 29.198921955290075 50.132408921525666 0.1188342932497981
W C 1805.0 190.0 1191.0 747.0 
F 587.220936227704 304.8115486062151 -0.11670599763167619
E -2.3893014398613013 29.365908155852107 48.4594527495964 0.12050831356599792
W C 1805.0 190.0 1191.0 747.0 1291.0 1881.0 
F 632.80564222222 307.10733066498585 -0.04429275403800728
E -0.7457116078014281 46.20295745802331 29.694060759303667 0.11986394236904717
W C 1805.0 190.0 1191.0 747.0 383.0 1458.0 
F 676.0825674553101 311.4313831202939 0.002705229017857698
E -0.6647815246603965 44.207795895494755 29.97666273101466 0.11909194741649663
W C 1805.0 190.0 1191.0 747.0 383.0 1458.0 
F 719.4564092022343 316.52431388100433 0.03966124217416254
E -0.5735939120728807 42.46757054031916 30.111412282113726 0.11822494055705483
W C 1805.0 190.0 1191.0 747.0 383.0 1458.0 
F 719.8548477538607 318.74882469601164 0.04556112718354556
E -0.5743230054901506 40.7887497567319 29.282380381133038 0.09523438060755292
W C 1805.0 190.0 1191.0 747.0 383.0 1458.0 
F 765.2234077681104 322.59743366567125 0.04987264469870506
E -0.4556745892847362 39.557785157987105 29.242099942308936 0.11466113685568745
W C 1805.0 190.0 1191.0 747.0 383.0 1458.0 
F 809.7714470852085 327.55608409702444 0.06348152721826927
E -0.3318682102843653 38.66584750388113 28.71971780921316 0.10775318940186496
W C 1805.0 190.0 1191.0 747.0 1291.0 1881.0 383.0 1458.0 
F 852.3980534121201 332.182728735002 0.07011135025522286
E -0.21264201389981408 38.035464645137246 28.349428978674382 0.11627205834595526
W C 1805.0 190.0 1191.0 747.0 383.0 1458.0 
F 894.1739188545547 335.90103232188153 0.067471152829501
E -0.12570290200845693 37.2652493456408 27.61132917357525 0.1072406618271057
W C 1805.0 190.0 1693.0 1043.0 1191.0 747.0 383.0 1458.0 
F 895.3938737221789 335.68404156436253 0.05873371039177049
E -0.16093437230307017 35.69730872890554 26.99219633987956 0.08891069710650935
W C 1805.0 190.0 1693.0 1043.0 1191.0 747.0 
F 940.3541588797692 338.285632381502 0.05240047090981212
E -0.08746337118167029 35.45821744165508 26.317836359972073 0.11269725624956053
W C 1805.0 190.0 1693.0 1043.0 1191.0 747.0 
F 983.5630401335094 341.016583480663 0.053738428964972836
E -0.02812917399967953 35.183988896591025 25.688264922310953 0.115667059586456
W C 1805.0 190.0 1693.0 1043.0 1191.0 747.0 
F 1024.357442476471 344.26631523469956 0.066553314622952
E 0.02418888398746055 34.92251014087085 25.10878704159308 0.1164424561804867
W C 1805.0 190.0 1693.0 1043.0 1191.0 747.0 
F 1025.7525539077278 343.9103384011641 0.05475884908906901
E -0.0014655747326906305 33.29117472001904 24.642192009054998 0.0938211186102299
W C 1805.0 190.0 1693.0 1043.0 1191.0 747.0 
F 1068.930916038026 346.3925865133558 0.05335298443532905
E 0.05004040524812854 33.26975071962407 23.974711940801985 0.11340933034836735
W C 1805.0 190.0 1693.0 1043.0 1191.0 747.0 
F 1112.703326977394 348.644478481453 0.04987159839181747
E 0.09062688417102094 33.189372778267796 23.478832302999724 0.11629154558482153
W C 1805.0 190.0 1693.0 1043.0 1191.0 747.0 
F 1154.7795477928846 350.90769481707963 0.052426344286770676
E 0.12095253739581109 33.019472558336524 23.091945042512425 0.11646428241816126
W C 1805.0 190.0 1693.0 1043.0 1191.0 747.0 
F 1194.2111948154386 353.43070468144185 0.06697383590153427
E 0.14326823938856198 32.831212951582756 22.7774280753084 0.11666713373302319
W C 1805.0 190.0 1693.0 1043.0 1191.0 747.0 
F 1194.9967739374454 353.00411196144455 0.054565874814786294
E 0.1114505397851307 31.091702915757438 22.272187880920622 0.09364790014975073
W C 1805.0 190.0 1693.0 1043.0 1191.0 747.0 
F 1238.873456775606 355.25013498510276 0.054146940832823016
E 0.13184943161326712 31.244519898618602 21.84441543085591 0.11357911361550743
W C 1805.0 190.0 1693.0 1043.0 1191.0 747.0 
F 1281.425739049014 357.8239932840416 0.082770426230494
E 0.14590743078486285 31.82539249390945 21.592462778851235 0.12117274194843655
W C 1805.0 190.0 1693.0 1043.0 1191.0 747.0 
F 1320.947568245527 362.87629097024234 0.15183033977521698
E 0.16450673790479953 33.11624365836888 21.413832845140288 0.12769758310412382
W C 1805.0 190.0 1693.0 1043.0 1191.0 747.0 
F 1320.5254924457533 362.7789347664945 0.1447876142957208
E 0.12118033809027114 31.22028686518312 20.861825540728606 0.09865803964420995
W C 1805.0 190.0 1693.0 1043.0 1191.0 747.0 
F 1362.6477246275085 377.88799504569033 0.3026083486558432
E 0.16884540238707868 32.86256034424839 20.440155573750907 0.11555137666780645
W C 1805.0 190.0 1693.0 1043.0 1291.0 1881.0 1191.0 747.0 
F 1400.0122971468957 397.8568915022803 0.44336967821397927
E 0.2166538657240881 32.957644919054886 20.245263094596147 0.11298936623726318
W C 1805.0 190.0 1693.0 1043.0 1291.0 1881.0 1191.0 747.0 
F 1431.5650726363078 417.464580732096 0.5216377934041864
E 0.2707269814049691 32.4311223011523 20.22465477844021 0.11129138503511529
W C 1805.0 190.0 1693.0 1043.0 1291.0 1881.0 1191.0 747.0 
F 1432.467458382992 419.92444981670593 0.5383459704498075
E 0.22923941190921823 30.215531108620368 19.687315834594717 0.08965158911872124
W C 1805.0 190.0 1693.0 1043.0 1191.0 747.0 
F 1462.9183107032684 448.1189346942451 0.6829849325518348
E 0.31867137008788693 30.205280517336526 19.790469052292043 0.10954287737861733
W C 1805.0 190.0 1693.0 1043.0 1291.0 1881.0 1191.0 747.0 
F 1488.5190416188896 477.99157975288256 0.7962207423660193
E 0.4118367349469436 29.782421322540994 20.10244239528393 0.10997690995755528
W C 1805.0 190.0 1693.0 1043.0 1291.0 1881.0 1191.0 747.0 
F 1509.7759186909097 505.4811785930425 0.8602271128598795
E 0.5370585123417887 29.600071974765566 20.715834596216936 0.12284804444561094
W C 1805.0 190.0 1693.0 1043.0 1191.0 747.0 
F 1524.8348404856943 536.796670059845 1.003069349046694
E 0.6668460079675014 29.67695121439923 20.863965174512934 0.10415533046325785
W C 1805.0 190.0 1693.0 1043.0 1291.0 1881.0 383.0 1458.0 1191.0 747.0 
F 1522.0431297397374 541.497716580162 1.0488908185088313
E 0.6548707817758309 27.307589816247063 20.0667448981986 0.07526817663919075
W C 1805.0 190.0 1693.0 1043.0 1291.0 1881.0 383.0 1458.0 1191.0 747.0 482.0 682.0 
F 1531.8575648445958 581.0187004145315 1.245342425506664
E 2.4429075856188747 20.272695647026936 29.5190851608126 0.10509240366114389
W C 1693.0 1043.0 1291.0 1881.0 383.0 1458.0 1191.0 747.0 482.0 682.0 
F 1537.1151068233773 620.4262600037212 1.3946487693543883
E 2.6000337641135136 20.460777276941606 30.882528898631115 0.11421326229508241
W C 1693.0 1043.0 1291.0 1881.0 383.0 1458.0 1191.0 747.0 
F 1534.7833981555684 660.4619524824432 1.571626747309462
E 2.743304864118952 20.641197855978568 31.957705092820134 0.12664232301722153
W C 1693.0 1043.0 383.0 1458.0 1191.0 747.0 
F 1533.088557382083 666.5794403750654 1.606412509137861
E 2.691147727924439 19.976451531062143 30.306948689761008 0.09330700135334048
W C 1693.0 1043.0 1291.0 1881.0 383.0 1458.0 1191.0 747.0 
F 1522.560568853362 708.0242443858899 1.7885292070103915
E 2.860973283802249 20.485447578758478 30.659149480608104 0.1134017761214382
W C 1693.0 1043.0 1291.0 1881.0 383.0 1458.0 1191.0 747.0 
F 1507.743417410927 745.0431827007503 1.931186043896635
E 2.999215594901875 20.974867407973164 30.169430603910385 0.11282792374590143
W C 1693.0 1043.0 1291.0 1881.0 383.0 1458.0 1191.0 747.0 
F 1489.0462417729848 777.3177793674241 2.0658101688960158
E 3.1218056030619334 21.39157305575599 29.086866594942403 0.11168914368203942
W C 1693.0 1043.0 1291.0 1881.0 383.0 1458.0 1191.0 747.0 
F 1469.4725040111334 805.2283619346845 2.1343869653963754
E -3.089071775603316 21.50548528867174 27.257341555688903 0.1073279151281205
W C 1693.0 1043.0 1291.0 1881.0 383.0 1458.0 1191.0 747.0 
F 1463.7180375933117 807.2290668390641 2.2009771612014255
E 3.0298811691814698 20.77456594550298 24.887343224816206 0.082759767890549
W C 1693.0 1043.0 1291.0 1881.0 383.0 1458.0 1191.0 747.0 
F 1430.2799000546158 840.0837911854504 2.315721819893902
E -3.1267213070241864 21.013661506818643 23.693068774793012 0.10114040090151187
W C 1693.0 1043.0 1291.0 1881.0 383.0 1458.0 1191.0 747.0 
F 1395.3365596928445 868.20989051207 2.3949127362222526
E -2.932482756225392 21.254543290380482 22.590647574356396 0.09576243792395368
W C 1693.0 1043.0 1291.0 1881.0 383.0 1458.0 482.0 682.0 1191.0 747.0 
F 1359.7533403829602 895.2161099644659 2.4533938958403394
E -2.461080789092167 21.388059367718135 22.893940521319692 0.10360866188693557
W C 1291.0 1881.0 383.0 1458.0 482.0 682.0 1191.0 747.0 
F 1354.597907147256 899.7965138911935 2.4525804722714004
E -2.7772230305092487 20.878903782818895 21.52214245983787 0.08239810770667536
W C 1291.0 1881.0 383.0 1458.0 482.0 682.0 1191.0 747.0 
F 1316.652429830434 929.2835775838093 2.4692757902588878
E -0.7049070476884444 22.36796023046835 20.682959457012572 0.10368217597923073
W C 1291.0 1881.0 383.0 1458.0 482.0 682.0 1191.0 747.0 
F 1280.2187734985355 957.0112979438729 2.4821284583987366
E -0.629589233983705 24.399308385429897 20.6670067439112 0.11215215571004329
W C 1291.0 1881.0 383.0 1458.0 482.0 682.0 
F 1244.1648995059272 984.3201509119481 2.4876712203343763
E -0.6245859085620796 26.175017760927304 20.743373231804583 0.11315765310993312
W C 1291.0 1881.0 383.0 1458.0 482.0 682.0 
F 1242.778775570155 985.3403142712426 2.4875224265342384
E -0.6320738269183076 25.58762829558343 20.339481366859907 0.08949810757596054
W C 1291.0 1881.0 383.0 1458.0 482.0 682.0 
F 1206.5859944639892 1012.85871429743 2.4900704094068495
E -0.6314909169069963 27.128472291941804 20.248306229338084 0.10973089828571217
W C 1291.0 1881.0 383.0 1458.0 482.0 682.0 
F 1170.4898390716905 1040.4042523666687 2.490643116833385
E -0.6304186945423533 28.467637293300317 20.30763085843829 0.1128600287835406
W C 1291.0 1881.0 383.0 1458.0 482.0 682.0 
F 1134.461661867459 1068.2974879572948 2.485979379096994
E -0.6290050775053542 29.582051836548303 20.4213768278557 0.11321585429682157
W C 1291.0 1881.0 383.0 1458.0 482.0 682.0 
F 1099.8096214119148 1094.7526410824985 2.4896054868219517
E -0.6281962389978237 30.50015901689043 20.543002938460262 0.11327355144816308
W C 1291.0 1881.0 383.0 1458.0 482.0 682.0 
F 1065.825629333605 1120.7336819013121 2.489957599551304
E -0.6260653458238585 31.24773765755499 20.65490217588605 0.11331996718406012
W C 1291.0 1881.0 383.0 1458.0 482.0 682.0 
F 1064.5889044848232 1121.772948520593 2.4890494498066493
E -0.6277495687009604 30.162209440844038 20.162175587356458 0.08954720569588331
W C 1291.0 1881.0 383.0 1458.0 482.0 682.0 
F 1029.2617814158655 1148.859527533871 2.489035813256074
E -0.625840521206492 30.952862948389992 20.080637182699107 0.11037798353189739
W C 1291.0 1881.0 383.0 1458.0 482.0 682.0 
F 994.0555736834601 1175.9258265004448 2.488583505252907
E -0.6229406718688273 31.5652766285856 20.135271755348224 0.11305389959743864
W C 1291.0 1881.0 383.0 1458.0 482.0 682.0 
F 958.7294165073703 1201.842415766482 2.5031956478147386
E -0.6032219732178069 32.73381382260209 20.43271508967039 0.12741359893251203
W C 383.0 1458.0 482.0 682.0 
F 959.1877816843099 1202.2834702562598 2.497009487834678
E -0.6150065176077201 31.374456757946053 19.831637867598573 0.09614691454116238
W C 1291.0 1881.0 383.0 1458.0 482.0 682.0 
F 922.9763623815065 1229.795762676995 2.497509642323089
E -0.5919388874333826 32.64435454846933 19.93317781595096 0.12466473114007219
W C 383.0 1458.0 482.0 682.0 
F 891.5880207162343 1253.8936151494681 2.5368053016101113
E -0.5716321388472024 34.310965256810114 20.063421867817212 0.12524594429080807
W C 1291.0 1881.0 383.0 1458.0 482.0 682.0 
F 861.1510298862679 1271.5353915734497 2.637597895272366
E -0.5250140653206488 37.905829463599375 20.136618810076815 0.1326272215577553
W C 1291.0 1881.0 383.0 1458.0 482.0 682.0 
F 838.0082010536771 1282.7272803979984 2.709274368228547
E -0.48945596173892136 39.06762836629664 20.02774480266011 0.12881163009188443
W C 1291.0 1881.0 383.0 1458.0 482.0 682.0 
F 837.7977028473284 1279.5036738126598 2.7549863758977833
E -0.4911734821882056 36.847941142172424 19.54190239260476 0.09715202361511507
W C 1291.0 1881.0 383.0 1458.0 482.0 682.0 
F 806.5576084074803 1281.3174660644434 2.9678245701606345
E -0.43197205869493976 38.318557863346854 19.446355979932324 0.12741082773629217
W C 1291.0 1881.0 383.0 1458.0 482.0 682.0 
F 774.8765991472535 1278.173788961655 -3.117346806259896
E -0.3543182235928505 40.00680377950557 19.916699617752332 0.1462481038240123
W C 383.0 1458.0 482.0 682.0 
F 744.046665501581 1266.700765555207 -2.8859716252413676
E -0.2646253491368578 40.757784024106904 20.86552540094431 0.1482239676014624
W C 383.0 1458.0 482.0 682.0 
F 743.6969968060503 1264.7236343136747 -2.8528782462773763
E -0.2830025279516207 38.99890631133755 20.399612539579827 0.1149340613701785
W C 383.0 1458.0 482.0 682.0 
F 717.953050251161 1245.4932988624794 -2.6257011477638468
E -0.15411791622678878 38.52196294190203 22.1659707074707 0.1298198615962136
W C 383.0 1458.0 482.0 682.0 1191.0 747.0 
F 698.4424623747061 1224.614355156126 -2.457842416917061
E -0.033885299721213055 37.18059611097861 23.96076471845201 0.1290159464800631
W C 383.0 1458.0 482.0 682.0 1191.0 747.0 
F 683.354786281876 1201.9307255329873 -2.308003228111141
E 0.10914542414237767 35.6910444955215 25.605710221488327 0.12873106248273536
W C 383.0 1458.0 482.0 682.0 1191.0 747.0 
F 674.0550790184524 1174.1182452507467 -2.0976257822871633
E 0.2948893104378167 34.29452259079139 26.81015904916033 0.1277937018346281
W C 383.0 1458.0 482.0 682.0 1191.0 747.0 
F 677.2621893271578 1173.638804657301 -2.060471497946664
E 0.2639047841459773 31.406821513982127 25.72710784971869 0.09126255784613839
W C 383.0 1458.0 482.0 682.0 1191.0 747.0 1693.0 1043.0 
F 673.47386624564 1140.0113912001905 -1.8029272936375826
E 0.7571972936253027 33.120284110510994 26.982915986271326 0.12861512037036432
W C 482.0 682.0 1191.0 747.0 1693.0 1043.0 
F 671.9647202584156 1108.8569849744472 -1.663720975544362
E 2.6496124181916145 27.082137211385145 34.9697389324004 0.13061183405035412
W C 482.0 682.0 1191.0 747.0 1693.0 1043.0 
F 674.0873839620713 1067.063746082985 -1.5649077427393165
E 2.7581881374629065 26.156480527824595 34.950883937404576 0.11927141648163682
W C 482.0 682.0 1191.0 747.0 1693.0 1043.0 
F 680.0415308996146 1065.3278808527316 -1.4935169919716393
E 2.7223388888598956 25.163723772839386 33.88256896592692 0.09497074462971229
W C 482.0 682.0 1191.0 747.0 1693.0 1043.0 
F 688.8291235370116 1022.4425801009496 -1.4221178501088676
E 2.8234127772784143 24.410923670684703 33.573711719966106 0.1123425974124754
W C 482.0 682.0 1191.0 747.0 1693.0 1043.0 
F 702.3199957091704 978.4199060677171 -1.3436373950313028
E 2.8843728188983992 23.610885752969914 32.989760591492214 0.10470020686442602
W C 482.0 682.0 1805.0 190.0 1191.0 747.0 1693.0 1043.0 
F 715.3557969862587 937.9729250115124 -1.3098810524695839
E 2.932089283561949 22.99310606329637 32.07496242895264 0.10358262885866203
W C 482.0 682.0 1805.0 190.0 1191.0 747.0 1693.0 1043.0 
F 727.5887731091495 900.3137666895591 -1.2982762006602953
E 2.9670105606512065 22.490929918159704 30.909878891304952 0.10290622588756299
W C 482.0 682.0 1805.0 190.0 1191.0 747.0 1693.0 1043.0 
F 728.9581215628233 897.1455311662562 -1.2990006557291602
E 2.8983433270252292 21.62844477334472 29.02029047026231 0.08075235765587689
W C 482.0 682.0 1805.0 190.0 1191.0 747.0 1693.0 1043.0 
F 741.427262733869 855.674588276984 -1.299166706266784
E 2.967288148203796 21.327215951240536 28.228575213192823 0.10094257400460672
W C 482.0 682.0 1805.0 190.0 1191.0 747.0 1693.0 1043.0 
F 754.0230485991742 813.4624118064211 -1.3006952446540008
E 3.0229362234791113 21.204565436585163 27.34404430342668 0.10316052556745511
W C 482.0 682.0 1805.0 190.0 1191.0 747.0 1693.0 1043.0 
F 766.2038176566771 773.6393250976955 -1.3023627988688522
E 3.082688924953671 21.23611830672983 26.469761528236408 0.1035956062953424
W C 482.0 682.0 1805.0 190.0 1191.0 747.0 1693.0 1043.0 
F 777.8676268006019 738.304597569948 -1.3028354608177752
E -3.1161080793426263 21.393820873153864 25.813374367635756 0.10442801905216956
W C 482.0 682.0 1805.0 190.0 1191.0 747.0 1693.0 1043.0 
F 778.7340711681147 736.2426412156703 -1.3072615988757348
E 3.126156473084899 20.788279046298456 23.760059637942692 0.08126051801261526
W C 482.0 682.0 1805.0 190.0 1191.0 747.0 1693.0 1043.0 
F 791.6817682391054 696.355571014018 -1.2779074640311843
E -2.934784209133488 20.917773586265955 24.543661163029643 0.10681169491711681
W C 482.0 682.0 1805.0 190.0 1191.0 747.0 1693.0 1043.0 
F 806.6109183892856 656.8669063266158 -1.23446686506408
E -2.788969238789201 21.287922136867007 25.43323532570341 0.12072579297927627
W C 482.0 682.0 1805.0 190.0 1191.0 747.0 
F 825.911192103231 615.8866763327404 -1.1496724848253175
E -2.6864546069546553 21.910974857431643 28.026057887644427 0.13969483221265763
W C 1805.0 190.0 1191.0 747.0 
F 827.5617297631239 615.02233212394 -1.145807914669573
E -2.7062968671021244 21.406931888827152 27.541530312220157 0.11453963136672834
W C 1805.0 190.0 1191.0 747.0 
F 851.3080745048471 575.7792426223706 -1.055173620872374
E -2.589760763223949 21.786296293169528 29.75633713708218 0.14059921326562422
W C 1805.0 190.0 1191.0 747.0 
F 876.9818952400019 538.9184301724727 -0.97669974201254
E -2.4845887940751563 22.325175402086014 31.62227336388052 0.14627799995377475
W C 1805.0 190.0 1191.0 747.0 
F 905.654761911644 504.8460994181729 -0.8902987922428396
E -2.3924527287534803 22.889628975833215 33.15145789861284 0.14781678315046293
W C 1805.0 190.0 1191.0 747.0 
F 907.0044646409515 504.5479735128731 -0.8872495724695943
E -2.424240132740502 22.358849230747214 32.16050094381589 0.12094852699963439
W C 1805.0 190.0 1191.0 747.0 
F 941.2097323500877 472.6862225543487 -0.7810565863334906
E -0.7704872316446171 33.53357482079009 22.444131544138934 0.12965472031397465
W C 1805.0 190.0 1693.0 1043.0 1191.0 747.0 
F 976.6674045138088 444.9710222269558 -0.6706314322785849
E -0.6832015669382735 35.84339711708365 22.557469253247067 0.13750402554779215
W C 1805.0 190.0 1693.0 1043.0 1191.0 747.0 
F 1011.8439966632951 421.93165473538613 -0.5736070753090716
E -0.6017453947836578 37.50409087863751 22.662927371071547 0.13804306745479142
W C 1805.0 190.0 1693.0 1043.0 1191.0 747.0 
F 1048.6549615409533 405.0734661834436 -0.4531998290449981
E -0.5373415850789673 37.950614199457526 22.683549743201326 0.1341660130578253
W C 1805.0 190.0 1693.0 1043.0 1191.0 747.0 
F 1051.9223466998249 405.52776865312524 -0.43495272711228
E -0.5694079071131088 36.195843050475936 22.116910473848627 0.10671916403922949
W C 1805.0 190.0 1693.0 1043.0 1191.0 747.0 
F 1092.7955221465625 394.583214162703 -0.30292097490547415
E -0.4894724929193584 36.39619711791221 22.024039607123214 0.12829602108681581
W C 1805.0 190.0 1693.0 1043.0 1191.0 747.0 
F 1132.8922151574184 388.29783945760414 -0.1890294049921326
E -0.40921567284207594 36.3116782087375 22.073607381684138 0.12973066498618166
W C 1805.0 190.0 1693.0 1043.0 1191.0 747.0 
F 1170.5595147171903 384.7214121647531 -0.10657192173477394
E -0.32302060053933734 36.22752938442517 22.20464549304151 0.13038278229308792
W C 1805.0 190.0 1693.0 1043.0 1191.0 747.0 
F 1212.4665667726783 386.67956457060984 -0.011021076735552495
E -0.260560725387405 35.3753716116249 22.208300817692024 0.12313452404930489
W C 1805.0 190.0 1693.0 1043.0 1191.0 747.0 
F 1215.7762359061053 391.03845605571 0.03808864193590162
E -0.2982397215961816 33.53101465830082 21.410663777364118 0.09370911982180152
W C 1805.0 190.0 1693.0 1043.0 1291.0 1881.0 1191.0 747.0 
F 1261.3764678044863 397.38183716140026 0.09061845576463516
E -0.22071244205218715 32.941754448204215 21.3744401896346 0.11517322166530451
W C 1805.0 190.0 1693.0 1043.0 1191.0 747.0 
F 1305.6152559098084 406.8537085034282 0.15003823699744423
E -0.1551809529452336 32.42894448643724 21.400333719985994 0.11747354460837141
W C 1805.0 190.0 1693.0 1043.0 1191.0 747.0 
F 1346.7588159625802 418.25368769901274 0.20706661923333297
E -0.09094289718496974 32.76868157090529 21.418486603456994 0.11407970045406626
W C 1805.0 190.0 1693.0 1043.0 1291.0 1881.0 
F 1347.6334116895707 419.32825876977245 0.21643339477580922
E -0.11169244563670111 31.841004317556028 20.933561696318012 0.09602726814679437
W C 1805.0 190.0 1693.0 1043.0 
F 1390.1100922212777 430.72593626787517 0.23399533360938982
E -0.050734314132551986 32.295983443031204 20.81204048462989 0.11147815100967684
W C 1805.0 190.0 1693.0 1043.0 1291.0 1881.0 
F 1432.0950290141857 442.0387270444583 0.2401329020338193
E -0.010874249848915255 32.520455091594094 20.736813212985087 0.11278948689778023
W C 1805.0 190.0 1693.0 1043.0 1291.0 1881.0 
F 1474.1441802422696 452.20413009792907 0.23461038150039693
E 0.011083862346303257 32.68954273417706 20.829590123685826 0.125644649073166
W C 1805.0 190.0 1693.0 1043.0 
F 1512.3110262266432 462.6456322390073 0.23986028324360653
E 0.02431284929343533 32.50275216287809 20.840715689296488 0.11501757927446087
W C 1805.0 190.0 1693.0 1043.0 1291.0 1881.0 
F 1513.4523308425767 462.85124668349357 0.2388178444294851
E 0.003643547748181583 30.98991041817391 20.316448179165384 0.0962846455591721
W C 1805.0 190.0 1693.0 1043.0 
F 1558.753534337837 473.61529204402535 0.23586225656513607
E 0.014076458322337313 31.036738906610342 20.319295631629775 0.12285168117372394
W C 1805.0 190.0 1693.0 1043.0 
F 1600.4295513913003 483.954595437245 0.26167379480552505
E 0.021511984744838376 31.15612677813823 20.650004058008534 0.13260257068246453
W C 1805.0 190.0 1693.0 1043.0 
F 1638.1253635209698 495.2594132709036 0.2924417740461355
E 0.04270700716195686 30.915303152503522 21.027347275062617 0.12056499571898444
W C 1805.0 190.0 1693.0 1043.0 1291.0 1881.0 
F 1638.8344210213033 497.59400015746826 0.31009947796797666
E 0.01854917704701651 28.827799584555066 20.365189851289465 0.09321808451646285
W C 1805.0 190.0 1693.0 1043.0 1291.0 1881.0 
F 1678.6190680814498 516.1277890048406 0.39872308753152463
E 0.0844482459156082 28.93197172131129 20.717978147692605 0.11690451480901998
W C 1805.0 190.0 1693.0 1043.0 1291.0 1881.0 
F 1718.0722642087746 539.1491285439791 0.4926007590917781
E 0.17079341327869282 28.952435887492328 21.365935712842326 0.12065893300617753
W C 1805.0 190.0 1693.0 1043.0 1291.0 1881.0 
F 1752.555716259863 560.099142667019 0.5333574497423277
E 0.26368867709944954 29.048088455141922 22.397902172064512 0.13707893209942476
W C 1805.0 190.0 1693.0 1043.0 
F 1752.5590479786224 560.2840069994713 0.533655686955847
E 0.3136171023517374 28.503464222330418 22.003481000667357 0.12104872191854042
W C 1693.0 1043.0 
F 1788.405169422397 588.7650386898782 0.6677808747094333
E 0.526224967573547 31.87469108486036 22.898685791393373 0.1490523472046481
W C 1693.0 1043.0 383.0 1458.0 
F 1819.56950093217 620.7742008862328 0.7996763734034203
E 0.704341942996729 35.1924880270175 23.609088532212354 0.15610179265368818
W C 1693.0 1043.0 383.0 1458.0 
F 1846.004087407371 652.5323261692059 0.8907546016674647
E 2.4107604615155473 24.00212073467241 37.42022644711157 0.15461044060484047
W C 1693.0 1043.0 383.0 1458.0 
F 1868.3790216276116 688.1770725459861 0.9930241532221504
E 2.5228057944600724 24.195911357434156 38.66434572418083 0.14982403640355438
W C 1693.0 1043.0 383.0 1458.0 
F 1867.848382556967 688.5865179831031 0.9985410979706906
E 2.525968422374281 23.696396530868117 38.352310554572455 0.13601393221278155
W C 1693.0 1043.0 
F 1888.2064958803223 730.8914904415748 1.0710850218030665
E 2.641510914519722 23.68344536731637 39.114600010872344 0.1422542686185007
W C 1693.0 1043.0 383.0 1458.0 
F 1905.5446807949097 773.369800327892 1.1311795512278642
E 2.7489102373011898 23.732615555764326 39.701730238619774 0.14336438751616415
W C 1693.0 1043.0 383.0 1458.0 
F 1919.1408526982802 819.4021324514883 1.2372484082452488
E 2.8317046720807793 23.557900970869408 39.46544717392175 0.1303863850726761
W C 1291.0 1881.0 1693.0 1043.0 383.0 1458.0 
F 1932.4000101739853 865.5275672486763 1.28921003786979
E 2.9197635790989858 23.311257541039446 38.97657358394251 0.1305913389066228
W C 1291.0 1881.0 1693.0 1043.0 383.0 1458.0 
F 1933.6479196497326 871.7352656863827 1.2914118203757377
E 2.9196681222661147 22.839836175335297 37.15509177461952 0.11407804009809762
W C 1291.0 1881.0 1693.0 1043.0 
F 1941.7303331471737 921.5926661146157 1.3889276542496807
E 3.0230724055396303 22.62581537653865 37.3309045036436 0.14727958635316413
W C 1291.0 1881.0 1693.0 1043.0 
F 1945.2978381553867 971.1020432703215 1.479932936675998
E 3.137413407824252 22.69620390744535 37.131011278852746 0.154689986595049
W C 1291.0 1881.0 1693.0 1043.0 
F 1944.8982880559488 1015.7368230903479 1.5578960829385862
E -3.0388261832211474 22.75640366688807 36.0331047640634 0.13749567000338922
W C 1291.0 1881.0 1693.0 1043.0 482.0 682.0 
F 1943.1637326527377 1023.2749162085327 1.5714315024038683
E -3.0624979261876506 22.214342796769564 33.173937500403234 0.10999497771951688
W C 1291.0 1881.0 383.0 1458.0 1693.0 1043.0 
F 1938.165386948028 1072.2210460835415 1.6581320240300903
E -2.9401381444936954 22.30410505246854 33.79318315810872 0.1493188447986081
W C 383.0 1458.0 1693.0 1043.0 
F 1928.1573001737 1117.5374570241802 1.7563307491267397
E -2.892057862144241 22.710371274296346 34.74769620528957 0.14166215619460637
W C 1291.0 1881.0 383.0 1458.0 
F 1914.8519808932938 1162.601222614106 1.8415459254678608
E -2.8627474269968514 23.19310649104886 36.17274368060872 0.1401556773933897
W C 1291.0 1881.0 383.0 1458.0 
F 1899.4113336832534 1204.9178320829699 1.9148745735379442
E -2.838070724512902 23.61295278595827 37.40675439062453 0.1383322915661437
W C 1291.0 1881.0 383.0 1458.0 
F 1896.1802636548075 1207.0455130089558 1.9330541749153332
E -2.8622612010555684 22.898958390459487 36.716598486578 0.1025425618468178
W C 1291.0 1881.0 383.0 1458.0 482.0 682.0 
F 1873.0292760877455 1249.321967904339 2.0375693626832665
E -2.8213780020208934 22.87288495549264 37.95673067806157 0.11937639152255967
W C 1291.0 1881.0 383.0 1458.0 482.0 682.0 
F 1849.3401456936574 1288.9344954657265 2.100256446947853
E -2.768407615926251 22.817107347795837 38.85026002665985 0.11207369216860054
W C 1291.0 1881.0 383.0 1458.0 482.0 682.0 1191.0 747.0 
F 1823.1336900312776 1325.942920194896 2.172890717589449
E -2.7170933252854566 22.737012982941412 39.48384414824628 0.11107387326898015
W C 1291.0 1881.0 383.0 1458.0 482.0 682.0 1191.0 747.0 
F 1820.2982557139958 1327.0494477665848 2.1896220895797023
E -2.732387435658396 22.07139941811947 38.45862861225534 0.08671783010888368
W C 1291.0 1881.0 383.0 1458.0 482.0 682.0 1191.0 747.0 
F 1789.1035725477034 1361.5694612680988 2.2831786506568
E -2.6723371866876744 21.920757953347877 39.00187207305164 0.10874067813393674
W C 1291.0 1881.0 383.0 1458.0 482.0 682.0 1191.0 747.0 
F 1754.9016259522323 1393.4223106430593 2.375405702806562
E -2.613148602634335 21.898824165424024 39.35707297432759 0.11030329598415009
W C 1291.0 1881.0 383.0 1458.0 482.0 682.0 1191.0 747.0 
F 1720.7386649751732 1422.0485711868355 2.4405328567620885
E -2.554992489888529 21.911123005221352 39.52529766621087 0.10994018434129522
W C 1291.0 1881.0 383.0 1458.0 482.0 682.0 1191.0 747.0 
F 1686.0953763053167 1447.5756687535534 2.5043177932877114
E -2.500900893983371 21.874060678755036 39.55124639175804 0.10929029909616939
W C 1291.0 1881.0 383.0 1458.0 482.0 682.0 1191.0 747.0 
F 1683.725993474229 1447.5604294141356 2.523103628687774
E -2.5175699454514695 21.21983317693736 38.28620174368563 0.08522679183160776
W C 1291.0 1881.0 383.0 1458.0 482.0 682.0 1191.0 747.0 
F 1644.2961092450212 1469.9225606238692 2.60449698233876
E -2.460534687737812 21.08372929643314 38.18364870610589 0.1049255807767684
W C 1291.0 1881.0 383.0 1458.0 482.0 682.0 1191.0 747.0 
F 1602.5421762758976 1490.010311659373 2.6582946929248448
E -2.412412060849174 20.98113169869909 37.86822282408107 0.10448702940155612
W C 1291.0 1881.0 383.0 1458.0 482.0 682.0 1191.0 747.0 
F 1563.3002631927886 1508.6438666091067 2.679173256931427
E -2.3697730902878797 20.8591896066985 37.49374367789959 0.10399279623591424
W C 1291.0 1881.0 383.0 1458.0 482.0 682.0 1191.0 747.0 
F 1562.0611665021063 1509.0418024219125 2.6796884388800097
E -2.3879795578826157 20.224100375237203 36.12869351243632 0.0817559956697938
W C 1291.0 1881.0 383.0 1458.0 482.0 682.0 1191.0 747.0 
F 1521.6776453180305 1528.8405534667297 2.6764046281520555
E -0.7530897328640804 36.8266835369787 20.422515237793924 0.11229543170335597
W C 383.0 1458.0 482.0 682.0 1191.0 747.0 
F 1482.5224530481582 1548.0506158760684 2.681773327809602
E -0.7270484595057861 36.29879823011053 20.2247386396253 0.1039466614511028
W C 1291.0 1881.0 383.0 1458.0 482.0 682.0 1191.0 747.0 
F 1442.9759523183245 1567.666765939126 2.6806961682840833
E -0.7126161336865461 35.67903786473356 19.917964488908815 0.10267895513224166
W C 1291.0 1881.0 383.0 1458.0 482.0 682.0 1191.0 747.0 
F 1403.199546040781 1586.1149189098903 2.69633024856984
E -0.6602387557711884 36.535146478303425 20.27497381323624 0.11568543572087568
W C 383.0 1458.0 482.0 682.0 1191.0 747.0 
F 1402.795609647696 1586.7276476106895 2.686947800452489
E -0.6611324621376156 36.03095681202893 19.863070951301086 0.09340426177916396
W C 383.0 1458.0 482.0 682.0 1191.0 747.0 
F 1362.2095689300522 1605.3991047850911 2.7191505754607843
E -0.5925579504703191 37.31468539053747 20.271991374216952 0.1197728539215913
W C 383.0 1458.0 482.0 682.0 1191.0 747.0 
F 1322.7523296795362 1621.375030523933 2.766990376618277
E -0.5299219887846812 38.46600402431947 20.77684510603639 0.12341566239743418
W C 383.0 1458.0 482.0 682.0 1191.0 747.0 
F 1281.4147993726458 1634.4276018596574 2.836302680679455
E -0.4685362643677449 39.564032644392974 21.300006596955576 0.12466169809542699
W C 383.0 1458.0 482.0 682.0 1191.0 747.0 
F 1281.3052508782264 1633.8267617364406 2.8435066454343443
E -0.47838269387818594 38.913066343817334 20.73837055404826 0.09880892500096608
W C 383.0 1458.0 482.0 682.0 1191.0 747.0 
F 1236.584280621164 1641.3903443773356 2.949453758299918
E -0.4134310570097009 39.85467151276865 21.057750203746874 0.12155775845785759
W C 383.0 1458.0 482.0 682.0 1191.0 747.0 
F 1193.082609506724 1646.4746710850318 3.0109559780042616
E -0.3537446587260049 40.32649972457088 21.458335338168887 0.12129970902352738
W C 383.0 1458.0 482.0 682.0 1191.0 747.0 
F 1149.5383755691746 1648.572297496483 3.0559905654583015
E -0.298155401392606 40.63208508766122 21.81898449442355 0.11915202869221617
W C 383.0 1458.0 482.0 682.0 1191.0 747.0 
F 1106.5475523477082 1650.7647903954771 3.076001186764144
E -0.2456551503095938 40.87172320104167 22.09593360462278 0.1183829746928038
W C 383.0 1458.0 482.0 682.0 1191.0 747.0 
F 1106.994476575055 1650.704644967777 3.076329126226079
E -0.2542629603258891 40.00633081866123 21.505606784934205 0.09535865047662395
W C 383.0 1458.0 482.0 682.0 1191.0 747.0 
F 1062.7213463824169 1654.0669330986213 3.0708092796557827
E -0.20179819666614748 40.336356119562026 21.55371418077558 0.11494510263434207
W C 383.0 1458.0 482.0 682.0 1191.0 747.0 
F 1019.5702657031547 1656.6940365449068 3.07937414623238
E -0.15431218983788497 40.71019670011851 21.652092713451612 0.11793534640377364
W C 383.0 1458.0 482.0 682.0 1191.0 747.0 
F 976.9765751855324 1659.2325445691743 3.0865284472317773
E -0.10963857644125503 41.082958112368075 21.740697314020984 0.11838972708407951
W C 383.0 1458.0 482.0 682.0 1191.0 747.0 
F 976.706755534268 1660.3771076636938 3.073943788924586
E -0.1179876002148869 40.14905477018311 21.149573001536503 0.09546222821982711
W C 383.0 1458.0 482.0 682.0 1191.0 747.0 
F 932.429752027705 1663.7232720955178 3.0744667124524008
E -0.07462055752672515 40.68486836503258 21.051898664772565 0.11577602286768364
W C 383.0 1458.0 482.0 682.0 1191.0 747.0 
F 888.7645561047555 1667.973635907061 3.0613081742997785
E -0.04051879637650793 41.257986081205 21.15643523309145 0.12904132479905833
W C 383.0 1458.0 482.0 682.0 
F 844.9580019902082 1671.7938704566361 3.062476095059879
E -0.008076978705567237 41.87211044860972 21.31826225436605 0.1321426860387386
W C 383.0 1458.0 482.0 682.0 
F 845.1184261347156 1672.4627213204312 3.0570123449789204
E -0.017822210791903607 41.012050572610825 20.746083302274844 0.10854326914024069
W C 383.0 1458.0 482.0 682.0 
F 800.367990683903 1677.2390766405583 3.047587480718722
E 0.015048337775678213 41.719944698529 20.691058307060487 0.12895658846096744
W C 383.0 1458.0 482.0 682.0 
F 756.9396264032058 1681.2184970780725 3.0543530599534625
E 0.04951730949270289 42.4251999022354 20.76442496236002 0.13322696595924166
W C 383.0 1458.0 482.0 682.0 
F 713.3933703633655 1685.1527595555108 3.060063883441434
E 0.08780682990840606 43.126161916763856 20.8458978287237 0.13475586470133785
W C 383.0 1458.0 482.0 682.0 
F 672.7103002743589 1687.8074329829499 3.0759536137502175
E 0.12900563788587527 43.714919128255666 20.84354906195482 0.1349326879119354
W C 383.0 1458.0 482.0 682.0 
F 667.0395704695529 1689.407909527094 3.0698199358646976
E 0.13220194363606846 42.84345307838455 20.213613377558584 0.11341665613949777
W C 383.0 1458.0 482.0 682.0 
F 666.192304231054 1691.0448147048069 3.0553612691705014
E 0.1265603273962421 41.95124000482058 19.758859741233053 0.10070406988847858
W C 383.0 1458.0 482.0 682.0 
F 665.4971129263962 1692.0197033905145 3.0479778434159375
E 0.12116893075715914 41.117778565102604 19.420057678987995 0.09243272427570191
W C 383.0 1458.0 482.0 682.0 
F 664.8980173694393 1692.7219035193987 3.043453049189798
E 0.11596671281244166 40.3366417835554 19.13917408164137 0.08650343260329281
W C 383.0 1458.0 482.0 682.0 
F 664.2612744081962 1693.2218466726963 3.040610056122531
E 0.11093301711598266 39.60246514823945 18.89248724891396 0.08197916317204741
W C 383.0 1458.0 482.0 682.0 
F 663.6777533204234 1693.668417250531 3.0387095360805296
E 0.1060641907167754 38.910551216669795 18.668319334654385 0.07837316868043008
W C 383.0 1458.0 482.0 682.0 
F 663.1259032828373 1694.0544389619454 3.037431759005114
E 0.10135064074709754 38.256891857929766 18.460357603581194 0.07540424423899884
W C 383.0 1458.0 482.0 682.0 
F 662.6197697556732 1694.3976370087503 3.0365548341194644
E 0.09678540290183664 37.63797874639813 18.264786433241017 0.07289800129533673
W C 383.0 1458.0 482.0 682.0 
