F 1824.8398829616374 1880.660828949549 3.717551306747922
E 0.0 100.0 100.0 0.17453292519943295
F 1824.8398829616374 1880.660828949549 3.717551306747922
E 0.0 100.0 100.0 0.17453292519943295
F 1824.8398829616374 1880.660828949549 3.717551306747922
E 0.0 100.0 100.0 0.17453292519943295
F 1824.8398829616374 1880.660828949549 3.717551306747922
E 0.0 100.0 100.0 0.17453292519943295
F 1824.8398829616374 1880.660828949549 3.717551306747922
E 0.0 100.0 100.0 0.17453292519943295
F 1824.8398829616374 1880.660828949549 3.717551306747922
E 0.0 100.0 100.0 0.17453292519943295
F 1824.8398829616374 1880.660828949549 3.717551306747922
E 0.0 100.0 100.0 0.17453292519943295
F 1824.8398829616374 1880.660828949549 3.717551306747922
E 0.0 100.0 100.0 0.17453292519943295
F 1824.8398829616374 1880.660828949549 3.717551306747922
E 0.0 100.0 100.0 0.17453292519943295
F 1824.8398829616374 1880.660828949549 3.717551306747922
E 0.0 100.0 100.0 0.17453292519943295
F 1824.8398829616374 1880.660828949549 3.717551306747922
E 0.0 100.0 100.0 0.17453292519943295
F 1824.8398829616374 1880.660828949549 3.717551306747922
E 0.0 100.0 100.0 0.17453292519943295
F 1824.8398829616374 1880.660828949549 3.717551306747922
E 0.0 100.0 100.0 0.17453292519943295
F 1804.0584649585178 1867.1652183009116 3.717551306747922
E 0.57595865315813 100.1878606868679 100.09827468382625 0.19163278566147654
F 1766.8860693754727 1843.0251823519407 3.717551306747922
E -2.5656340004316425 100.78658040216713 100.87336205017337 0.23823689079745697
F 1729.2104378659642 1818.69908390404 -2.56788561333489
E -2.5651846736714927 101.39597710701364 102.76367053438469 0.27797571836179163
F 1691.3975359993867 1794.263967914371 -2.56788561333489
E -2.5658370603012686 102.00632169134872 106.11105298046672 0.3129538981593867
F 1691.3975359993867 1794.263967914371 -2.56788561333489
E -2.5658370603012686 102.00632169134872 106.11105298046672 0.3129538981593867
F 1653.8777574030928 1770.0182714284979 -2.56788561333489
E -2.5663794829249302 102.60369810849444 111.11031233061414 0.3439339577116869
F 1616.2755772524256 1745.57878855234 -2.5656340004316642
E -2.566554723919858 103.20236938322344 117.94363047419405 0.3725644254744931
F 1578.599945742917 1721.2526901044394 -2.56788561333489
E -2.566637055673982 103.79758744344755 126.62632767902494 0.3991465081784554
F 1540.9977655922498 1696.8132072282815 -2.5656340004316642
E -2.5666809796977965 104.38941155195259 137.1079746054509 0.42406558319789217
F 1540.9977655922498 1696.8132072282815 -2.5656340004316642
E -2.5666809796977965 104.38941155195259 137.1079746054509 0.42406558319789217
F 1503.3221340827413 1672.4871087803808 -2.56788561333489
E -2.566706549921322 104.97789917990164 149.28604767344734 0.4475994891807665
F 1465.719953932074 1648.047625904223 -2.5656340004316642
E -2.566722418958372 105.56310615703016 163.0335039256194 0.46995636667333035
F 1465.719953932074 1648.047625904223 -2.5656340004316642
E -2.566722418958372 105.56310615703016 163.0335039256194 0.46995636667333035
F 1428.0443224225655 1623.7215274563223 -2.56788561333489
E -2.566732762632377 106.14508675877187 178.2187121846066 0.491296926958344
F 1390.4421422718983 1599.2820445801644 -2.5656340004316642
E -2.566739772142689 106.72389377402465 194.7172218840221 0.5117483310188975
F 1352.7665107623898 1574.9559461322638 -2.56788561333489
E -2.5667446747321456 107.29957856468701 212.41727645434048 0.5314132461301108
F 1315.1643306117226 1550.516463256106 -2.5656340004316642
E -2.5667481946972224 107.87219112048257 231.22139270573564 0.5503759824197059
F 1277.488699102214 1526.1903648082052 -2.56788561333489
E -2.566750778312081 108.44178011040809 251.04583322935878 0.568706783752727
F 1277.488699102214 1526.1903648082052 -2.56788561333489
E -2.566750778312081 108.44178011040809 251.04583322935878 0.568706783752727
F 1239.8865189515468 1501.7508819320474 -2.5656340004316642
E -2.566752710651089 109.00839293141428 271.81914521536385 0.5864649092215882
F 1202.2108874420383 1477.4247834841467 -2.56788561333489
E -2.5667541794948887 109.57207575465313 293.48042349433314 0.6037008974734097
F 1164.3979855754608 1452.9896674944778 -2.56788561333489
E -2.566843697832538 110.13712559811268 316.06674374633224 0.6205839314585917
F 1164.3979855754608 1452.9896674944778 -2.56788561333489
E -2.566843697832538 110.13712559811268 316.06674374633224 0.6205839314585917
F 1126.8782069791669 1428.7439710086046 -2.56788561333489
E -2.5669233542592753 110.690632945316 339.26649234994153 0.6367690640088216
F 1089.2760268284997 1404.3044881324467 -2.5656340004316642
E -2.5669151950995897 111.24579155873172 363.30792596296294 0.6526779640378442
F 1051.600395318991 1379.978389684546 -2.56788561333489
E -2.566907190489781 111.79819355830814 388.06835492055336 0.6682082075240471
F 1013.7874934524135 1355.5432736948771 -2.56788561333489
E -2.5669728470487927 112.35205075008726 413.6187445520128 0.6834997081030113
F 1013.7874934524135 1355.5432736948771 -2.56788561333489
E -2.5669728470487927 112.35205075008726 413.6187445520128 0.6834997081030113
F 976.2677148561196 1331.297577209004 -2.56788561333489
E -2.567032149598789 112.89470122948266 439.63246628009716 0.6982279540887563
F 938.6655347054524 1306.8580943328461 -2.5656340004316642
E -2.5670190210347514 113.43907289815647 466.38715230434195 0.7127664131627451
F 900.9899031959438 1282.5319958849454 -2.56788561333489
E -2.5670064572710394 113.98084498744625 493.7618635260989 0.7270141976569644
F 900.9899031959438 1282.5319958849454 -2.56788561333489
E -2.5670064572710394 113.98084498744625 493.7618635260989 0.7270141976569644
F 863.3877230452766 1258.0925130087876 -2.5656340004316642
E -2.566994509773755 114.5200543492921 521.7380818861667 0.7409880751110064
F 825.7120915357681 1233.766414560887 -2.56788561333489
E -2.5669831974490793 115.0567369775975 550.2990414800083 0.754703260439909
F 787.8991896691906 1209.331298571218 -2.56788561333489
E -2.5670308979724177 115.59498253804993 579.5439246711843 0.7682751158882023
F 749.7931645323296 1184.706763077753 -2.56788561333489
E -2.5670755474015685 116.13905400109658 609.5820688185509 0.7818171127127441
F 749.7931645323296 1184.706763077753 -2.56788561333489
E -2.5670755474015685 116.13905400109658 609.5820688185509 0.7818171127127441
F 712.1909843816624 1160.2672802015952 -2.5656340004316642
E -2.567062119929835 116.66828810563581 639.8202368381257 0.7948280830421168
F 674.5153528721538 1135.9411817536945 -2.56788561333489
E -2.5670493281978297 117.19513271068669 670.5898447804111 0.8076294728737435
F 636.9131727214866 1111.5016988775367 -2.5656340004316642
E -2.567037167956185 117.71961984741681 701.8797807036015 0.820231095067869
F 636.9131727214866 1111.5016988775367 -2.5656340004316642
E -2.567037167956185 117.71961984741681 701.8797807036015 0.820231095067869
F 599.237541211978 1087.175600429636 -2.56788561333489
E -2.5670256251960946 118.24178084259945 733.6797052871581 0.8326420198249367
F 561.6353610613108 1062.7361175534782 -2.5656340004316642
E -2.5670146795575364 118.76164633960222 765.9799636148219 0.8448706510703664
F 523.9597295518023 1038.4100191055775 -2.56788561333489
E -2.5670043067445376 119.27924631861599 798.7715100417263 0.8569247930256071
F 523.9597295518023 1038.4100191055775 -2.56788561333489
E -2.5670043067445376 119.27924631861599 798.7715100417263 0.8569247930256071
F 486.3575494011351 1013.9705362294197 -2.5656340004316642
E -2.566994480232317 119.79461011615788 832.0458438695854 0.8688117084638617
F 448.68191789162654 989.6444377815187 -2.56788561333489
E -2.5669851724672963 120.30776644388465 865.7949539948244 0.8805381698857857
F 411.46870313990746 964.6131144610373 -2.5521243230123094
E -2.5667162681225713 120.82337912824708 900.0101869418468 0.8922170523548053
F 377.4640783224051 935.7930389670155 -2.4553049681736
E -2.564370289862001 121.50070284136773 934.3387418615622 0.907505616482422
F 377.4640783224051 935.7930389670155 -2.4553049681736
E -2.564370289862001 121.50070284136773 934.3387418615622 0.907505616482422
F 345.9342457267241 903.5549752333225 -2.360737226238116
E -2.5586145548788295 122.19255998165356 969.1938665490584 0.9226173910345157
F 317.7970507152015 868.5354631952547 -2.2639178713994066
E -2.5497886287829767 123.00027584833181 1003.7635767229671 0.9375798638317429
F 293.1852364358433 831.166998424281 -2.169350129463923
E -2.5381772712460786 124.08658793411273 1037.7931048303017 0.952046842269125
F 272.211979051117 791.6414872177812 -2.074782387528439
E -2.524031674847914 125.70330970649013 1071.1926247698361 0.9662972517225095
F 272.211979051117 791.6414872177812 -2.074782387528439
E -2.524031674847914 125.70330970649013 1071.1926247698361 0.9662972517225095
F 255.2489324607826 750.4205421675478 -1.9779630326897293
E -2.507612958699826 128.1294352878329 1103.5978258659918 0.980431310251217
F 242.10510292666743 707.0995561505429 -1.8811436778510195
E -2.4887648065911727 131.73436908985707 1135.407670689989 0.9946854600907904
F 233.48160792263073 663.7217588332413 -1.7843243230123098
E -2.4684318368133256 136.64620725385527 1165.2052260374346 1.00826526705239
F 228.74311392065434 619.0564266428967 -1.6920081939800518
E -2.4460675567975967 143.27234056300773 1194.0497999805705 1.0216489580478372
F 228.74311392065434 619.0564266428967 -1.6920081939800518
E -2.4460675567975967 143.27234056300773 1194.0497999805705 1.0216489580478372
F 232.60195602438603 573.4236685553302 -1.514130774625213
E -2.4209655960796823 152.32983590023792 1220.6094296348065 1.0438576358464227
F 245.01149708393362 530.378809231396 -1.3227436778510195
E -2.393519521175935 163.90569679018813 1242.0063032313662 1.0669802876091068
F 264.5042181342119 490.85946636043633 -1.1448662584961808
E -2.36426102502223 178.15364759084693 1258.0063705202992 1.0875335524185976
F 264.5042181342119 490.85946636043633 -1.1448662584961808
E -2.36426102502223 178.15364759084693 1258.0063705202992 1.0875335524185976
F 288.159466798909 457.1059331385426 -0.9940081939800516
E -0.7647425441473359 1268.4934318603925 193.98085679658718 1.103475265062374
F 317.42795341976864 426.6090167836013 -0.8386469036574709
E -0.7344987936967088 1274.8046892388634 212.44482560897103 1.120067083235445
F 350.2612024071068 401.14275565836624 -0.6922920649477935
E -0.7044166436846615 1276.589981731279 232.4598219767072 1.1352207711895377
F 350.2612024071068 401.14275565836624 -0.6922920649477935
E -0.7044166436846615 1276.589981731279 232.4598219767072 1.1352207711895377
F 386.3762121889238 380.9342594428885 -0.5436856133348904
E -0.6745632507180036 1274.0217852097062 253.81918684808403 1.1503365197833393
F 424.18613751155954 365.9919154396708 -0.40858883914134214
E -0.6457191521037475 1267.4123815206938 275.8123714174717 1.1637209253094232
F 465.62783748942076 356.7997056931848 -0.2509759359155357
E -0.6166882268289718 1256.1938385425472 299.3399815233039 1.1797624884698288
F 507.25758226899796 353.89189686137775 -0.1023694843026326
E -0.5898493020673234 1240.8140538868051 322.55916708270354 1.194437865382988
F 507.25758226899796 353.89189686137775 -0.1023694843026326
E -0.5898493020673234 1240.8140538868051 322.55916708270354 1.194437865382988
F 548.5104880804212 357.18962531374535 0.046236967310270494
E -0.5655471445403644 1221.6447905944551 345.182570322924 1.2088133535280559
F 589.1264807530532 366.82577276622175 0.1993466447296255
E -0.5442034451594918 1198.6408483285945 367.0220311036434 1.2235740639075872
F 627.8716619086426 382.32744815424456 0.3479530963425286
E -0.5269381031016426 1172.4389086758922 387.2854552954974 1.2377300896913972
F 627.8716619086426 382.32744815424456 0.3479530963425286
E -0.5269381031016426 1172.4389086758922 387.2854552954974 1.2377300896913972
F 669.076894221852 399.1498931278804 0.3817272898909154
E -0.5117365321609921 1142.9878420353953 408.1143196088547 1.2462177544542383
F 710.6513808362639 415.96578852733586 0.38397890279414115
E -0.4975813401487193 1113.9666407684274 429.9654084721748 1.254421131589738
F 752.2763353427933 432.65636783623637 0.3817272898909154
E -0.484210295435685 1086.088116788964 453.15286373320004 1.2625712095722734
F 793.409079418985 449.16774857082413 0.3817272898909154
E -0.4720426683839472 1059.7182113210756 477.42527675937765 1.2704801261087304
F 793.409079418985 449.16774857082413 0.3817272898909154
E -0.4720426683839472 1059.7182113210756 477.42527675937765 1.2704801261087304
F 834.983566033397 465.9836439702796 0.38397890279414115
E -0.46132025535412957 1034.217846660829 503.29258729297754 1.2785278388440238
F 876.7262012759696 482.84907737726707 0.38397890279414115
E -0.4527783113976246 1009.8545887629939 530.5615852792181 1.2865858218842503
F 918.7924228382522 499.84525057810714 0.38397890279414115
E -0.4472518438743853 986.6321574368501 559.3504730918464 1.2947178924812281
F 960.4173773447816 516.5358298870076 0.3817272898909154
E -0.44605660594438645 965.0804611961217 589.0571028547309 1.3026158700756518
F 960.4173773447816 516.5358298870076 0.3817272898909154
E -0.44605660594438645 965.0804611961217 589.0571028547309 1.3026158700756518
F 1001.9918639591936 533.3517252864631 0.38397890279414115
E -0.45118640923342046 945.0085445794059 619.8429526440528 1.3104662486439176
F 1043.0873265623466 549.9556791057453 0.38397890279414115
E -0.4658588159441457 926.7941451723201 651.0692969160117 1.3180878121093922
F 1084.829961804919 566.8211125127327 0.38397890279414115
E -0.49640132262638786 910.3349886850732 683.2274436902571 1.3259053973816255
F 1084.829961804919 566.8211125127327 0.38397890279414115
E -0.49640132262638786 910.3349886850732 683.2274436902571 1.3259053973816255
F 1126.249010727782 583.5558061258675 0.38397890279414115
E -0.5532305243247533 896.7954444061124 714.7607660774732 1.3335574782137418
F 1167.9916459703547 600.421239532855 0.38397890279414115
E -0.6570950629763403 887.6584964637215 744.4048349847882 1.341284902649022
F 1209.4106948932176 617.1559331459898 0.38397890279414115
E -2.4004405699391955 768.1083518448718 886.5862065286308 1.3488497377277666
F 1251.1533301357904 634.0213665529773 0.38397890279414115
E -2.622714957429141 781.3603483924321 898.3675209112445 1.356490050587422
F 1251.1533301357904 634.0213665529773 0.38397890279414115
E -2.622714957429141 781.3603483924321 898.3675209112445 1.356490050587422
F 1292.0054344089492 651.6688847423728 0.4042434189231736
E -2.8041640520614286 782.8936749465539 923.206492084047 1.3640299944859111
F 1331.363588597857 674.0385915609603 0.5010627737618831
E -2.909864683746582 775.3475091425228 956.7898963422152 1.3743112588683628
F 1365.683392708235 703.0069200119688 0.6721853544070444
E -2.951913009867068 760.6286577411421 992.7012547606079 1.389949335821855
F 1365.683392708235 703.0069200119688 0.6721853544070444
E -2.951913009867068 760.6286577411421 992.7012547606079 1.389949335821855
F 1393.9140012128662 738.2344002154664 0.8635724511812377
E -2.9543269736768973 739.9452384053477 1027.3996291301655 1.407510320307498
F 1414.4884062770038 774.7760677294848 1.0234369673102695
E -2.9363238878467235 716.9708863737058 1056.699417692593 1.420840884945854
F 1429.6364899776754 813.6480841798368 1.1675401931167215
E -2.9080261003231294 691.8319902851682 1082.6413731911553 1.4326902352771822
F 1429.6364899776754 813.6480841798368 1.1675401931167215
E -2.9080261003231294 691.8319902851682 1082.6413731911553 1.4326902352771822
F 1438.765960851971 853.8290708894964 1.3138950318263989
E -2.873988911219975 665.5048535532119 1104.8299032865534 1.4444667199660548
F 1442.323410005585 894.5084573743815 1.4512434189231733
E -2.8364047914754957 638.4617348360621 1123.2635350975856 1.4553625088888305
F 1439.750771899576 936.1602584853848 1.599849870536076
E -2.79543529802386 610.4180026548825 1138.2402034962936 1.4672839934175443
F 1430.2166778950864 972.2411635478459 1.7754756769876892
E -2.756873850927099 585.3972451171516 1147.3172075598989 1.4801944676498737
F 1430.2166778950864 972.2411635478459 1.7754756769876892
E -2.756873850927099 585.3972451171516 1147.3172075598989 1.4801944676498737
F 1414.2188452706296 1005.6134288285001 1.9601079350522053
E -2.717054025467265 561.0763570089496 1151.2842919061206 1.4937542655465819
F 1392.5517873127599 1035.5949329049613 2.14023696731027
E -2.6766403175930344 537.9849899923796 1150.1597158534303 1.5067662945683875
F 1365.8639077789503 1061.2095590631825 2.3203659995683346
E -2.636645086272201 516.8795682668264 1144.1891338303599 1.5196669131938387
F 1365.8639077789503 1061.2095590631825 2.3203659995683346
E -2.636645086272201 516.8795682668264 1144.1891338303599 1.5196669131938387
F 1333.6398340232727 1081.8330168003463 2.5162563221489798
E -2.596744300314468 497.90263927078763 1133.094855249858 1.5342713768411946
F 1298.7164298605644 1095.6354472508924 2.7076434189231735
E -2.560062720622166 482.66106948350875 1117.695858459633 1.5481257026052893
F 1262.3851446275396 1102.6835996299978 2.8922756769876896
E -2.527335374112191 471.17404176496086 1098.8985412390164 1.5610955559620416
F 1222.987572349239 1106.4891064202232 3.0138627737618826
E -2.496235966792713 462.2936848162851 1076.5420177503897 1.569850039964913
F 1222.987572349239 1106.4891064202232 3.0138627737618826
E -2.496235966792713 462.2936848162851 1076.5420177503897 1.569850039964913
F 1178.1754511210238 1112.3636882001115 3.0116111608586564
E -2.4639395859448454 455.5219654015752 1051.820099370477 1.5764717857961967
F 1134.0381831872637 1118.0146006798839 3.0138627737618826
E -2.434629107180802 452.59590452643204 1030.03666878649 1.5828641760695685
F 1089.730098115362 1123.7050471703724 3.0138627737618826
E -2.4083015414151947 454.22903307570886 1010.5580842229609 1.5892795300948361
F 1089.730098115362 1123.7050471703724 3.0138627737618826
E -2.4083015414151947 454.22903307570886 1010.5580842229609 1.5892795300948361
F 1044.5718703145312 1129.624475231427 3.0116111608586564
E -2.3851936011765256 461.2998823456444 993.0630801602699 1.5959218376745448
F 1000.0884958081562 1135.3202339923653 3.0138627737618826
E -2.3667755453404293 474.0050138689033 977.9936600923642 1.6023358561264274
F 955.6224811525551 1141.1499694910879 3.0116111608586564
E -0.7825859244655275 964.9395627555081 492.4956388136831 1.608724301951806
F 955.6224811525551 1141.1499694910879 3.0116111608586564
E -0.7825859244655275 964.9395627555081 492.4956388136831 1.608724301951806
F 911.6733770063751 1146.8949302175179 3.0116111608586564
E -0.7751681635568675 953.9481562001454 516.25295304885 1.6149388754026537
F 867.1900025 1152.5906889784562 3.0138627737618826
E -0.7749509422561593 944.7029684597926 545.304524173839 1.6212776613364852
F 822.723987844399 1158.4204244771788 3.0116111608586564
E -0.7840394204137422 937.4368933572961 578.6988897656122 1.6275917605501133
F 778.2406133380239 1164.1161832381172 3.0138627737618826
E -2.3763645189413736 615.508740678539 932.3864729726728 1.6338814592474364
F 733.7745986824228 1169.9459187368398 3.0116111608586564
E -2.415223108238314 654.5422867330191 930.0662688809928 1.6401470381445828
F 733.7745986824228 1169.9459187368398 3.0116111608586564
E -2.415223108238314 654.5422867330191 930.0662688809928 1.6401470381445828
F 689.133382659925 1175.781351285733 3.0116111608586564
E -2.4788742255172105 694.3676617241151 931.4874782380645 1.646436135751657
F 644.8382225755861 1181.5715479233947 3.0116111608586564
E -2.575043361303632 732.1412158241494 938.3892143117952 1.6526047240652912
F 600.1970065530883 1187.406980472288 3.0116111608586564
E -2.7080729784049877 765.2437779672069 953.5974625964751 1.658846592177022
F 600.1970065530883 1187.406980472288 3.0116111608586564
E -2.7080729784049877 765.2437779672069 953.5974625964751 1.658846592177022
F 555.4963015492312 1192.7732376523736 3.0206176124715594
E -2.860318109972483 790.0766616926232 979.8010036541393 1.6650840911978126
F 510.72521907085866 1189.2287798468706 -3.091445114062866
E -2.9895377336935445 802.1282266575861 1017.8215593410641 1.6780145263552748
F 472.39548575079164 1173.1363500189143 -2.8077418882564147
E -3.054613594627658 799.4934313013341 1059.8639735269721 1.7016511436219253
F 445.677354152876 1152.411786588942 -2.5735741463209307
E -3.0689650805936677 788.8919302606656 1094.4612844380497 1.717459160146123
F 445.677354152876 1152.411786588942 -2.5735741463209307
E -3.0689650805936677 788.8919302606656 1094.4612844380497 1.717459160146123
F 424.1057819830158 1125.4620634269784 -2.3349031785789953
E -3.058581567956417 772.557361737317 1126.8298675387587 1.7337404065349071
F 409.80763726133705 1095.426394359272 -2.107490275353189
E -3.032758673370462 753.0481025612515 1153.2785970654768 1.7484616342742358
F 402.7319327521208 1062.3612996044594 -1.873322533417705
E -2.99625724103647 730.6511706984608 1174.1040234716916 1.7638501746772464
F 402.7319327521208 1062.3612996044594 -1.873322533417705
E -2.99625724103647 730.6511706984608 1174.1040234716916 1.7638501746772464
F 403.813432114727 1027.8333649553401 -1.630148339869318
E -2.9521906550694084 706.2162036617407 1188.142639210453 1.7801832687714025
F 412.4928134283916 995.5310022254575 -1.4004838237402857
E -2.9058180644459033 682.1433016692005 1194.4158042574181 1.7947799971338154
F 428.151944496842 966.181897077124 -1.1730709205144791
E -2.858325904826296 658.8774527274974 1193.6077293899768 1.809004568095052
F 449.34149485102125 941.4945510126927 -0.954664468901576
E -2.812192851781276 637.6802201638394 1186.3657037437054 1.822131534343619
F 449.34149485102125 941.4945510126927 -0.954664468901576
E -2.812192851781276 637.6802201638394 1186.3657037437054 1.822131534343619
F 475.93798785391135 921.8203119877599 -0.7295031785789954
E -2.767113296767058 618.5355266469486 1173.0359983475998 1.835895879905052
F 506.53974155112286 908.3792363609628 -0.5043418882564148
E -2.7248259476348196 602.2831992125125 1154.269569789141 1.8496205844281066
F 545.925054601899 889.964687926353 -0.44805156567576976
E -2.67339116976687 584.3184133854664 1127.1338942891475 1.8554849775913642
F 545.925054601899 889.964687926353 -0.44805156567576976
E -2.67339116976687 584.3184133854664 1127.1338942891475 1.8554849775913642
F 586.0811972765557 870.7939957634862 -0.44579995277254403
E -2.6239525900132517 569.1101447901441 1101.9444212008104 1.8609191843119277
F 626.3872253980542 851.5323322561726 -0.44579995277254403
E -2.577624102413861 558.1093454484339 1080.0113828237274 1.8663790170901082
F 667.0081443642517 832.120187002708 -0.44579995277254403
E -2.534671176732658 552.8444377333236 1060.9490818129243 1.8719081916078684
F 706.999281641051 813.0090052415451 -0.44579995277254403
E -2.4961874942932796 554.6517938449014 1044.7715758129125 1.8772517064594993
F 706.999281641051 813.0090052415451 -0.44579995277254403
E -2.4961874942932796 554.6517938449014 1044.7715758129125 1.8772517064594993
F 747.6202006072486 793.5968599880805 -0.44579995277254403
E -2.4608918600748826 564.5095245150202 1030.5940674609546 1.8827489508108892
F 788.2411195734463 774.1847147346159 -0.44579995277254403
E -2.4292211157173242 582.874704433422 1018.3470455019199 1.8882301909867625
F 828.5471476949448 754.9230512273023 -0.44579995277254403
E -2.4011142719143326 609.4186075026204 1007.8079347005797 1.8936112798164184
F 869.1680666611425 735.5109059738377 -0.44579995277254403
E -2.3758481649932257 644.0514202599716 998.5594995616661 1.8990611684256975
F 869.1680666611425 735.5109059738377 -0.44579995277254403
E -2.3758481649932257 644.0514202599716 998.5594995616661 1.8990611684256975
F 911.9826474639189 720.3038999892236 -0.3557354366435117
E -2.3566338179741244 685.409729622273 989.4605388601507 1.9062428665551256
F 955.5895381254644 709.5100566823725 -0.2589160818048022
E -0.7814180757742881 979.8736597113337 730.4050833312182 1.9135294659648479
F 1000.0356241638907 702.9821625069397 -0.16209672696609267
E -2.376701842080366 777.3542264667399 970.5273595379437 1.9207884235227806
F 1000.0356241638907 702.9821625069397 -0.16209672696609267
E -2.376701842080366 777.3542264667399 970.5273595379437 1.9207884235227806
F 1044.7218714443547 700.6837140192968 -0.06752898503060889
E -2.4632761409789636 822.7411531127541 963.8648083748527 1.9278914276356414
F 1089.774285475419 702.6080546291895 0.027038756904874894
E -2.6757297194038836 859.3734241738994 966.8203843523905 1.935050842495666
F 1133.909014096832 708.8560134938473 0.12385811174358441
E -2.958938146457082 874.4269678351683 990.759621439809 1.9421475068793386
F 1133.909014096832 708.8560134938473 0.12385811174358441
E -2.958938146457082 874.4269678351683 990.759621439809 1.9421475068793386
F 1177.2811251146716 719.9469223696153 0.23193553109842302
E -3.124104735472921 869.9844125668641 1033.3225936614838 1.9497212448374384
F 1217.832546311968 739.7843833187651 0.42332262787261676
E 3.1066038685223334 854.7308658868546 1082.6338911819755 1.9622790520695443
F 1253.5674765834715 766.8005152035605 0.6147097246468105
E 3.1117869118071533 833.008524397559 1130.8039686734198 1.9746764920924336
F 1282.6079762649022 796.786571575848 0.7678194020661655
E 3.140054780643148 809.4564360148778 1172.7785573352153 1.9837467113071827
F 1282.6079762649022 796.786571575848 0.7678194020661655
E 3.140054780643148 809.4564360148778 1172.7785573352153 1.9837467113071827
F 1306.9790934674195 829.7600342296494 0.9029161762597138
E -3.105104128405878 784.7978187894654 1210.880167107606 1.9916105807023257
F 1326.2953319781825 865.3428590446421 1.0402645633564882
E -3.061970751296384 759.7568669773689 1245.0953569064852 1.999455042545068
F 1340.5770974387342 904.5541096998412 1.1888710149693917
E -3.0135053365119107 733.7297029836707 1276.1495959142576 2.008149086153477
F 1353.7535962412433 945.440104288463 1.2474129504532625
E -2.962589627645238 707.8642332233474 1305.742500847056 2.013487476942447
F 1353.7535962412433 945.440104288463 1.2474129504532625
E -2.962589627645238 707.8642332233474 1305.742500847056 2.013487476942447
F 1367.9493024513017 987.7965619920731 1.2474129504532625
E -2.9124459277135677 683.64733158702 1338.0540546744155 2.0185346776060427
F 1382.1450086613602 1030.153019695683 1.2474129504532625
E -2.8657144482311754 662.7785227605598 1373.4904460399491 2.023569289545628
F 1396.2298109166525 1072.1785675734839 1.2474129504532625
E -2.822026246453038 645.3979377645312 1411.673386856832 2.0285133376906006
F 1396.2298109166525 1072.1785675734839 1.2474129504532625
E -2.822026246453038 645.3979377645312 1411.673386856832 2.0285133376906006
F 1410.479545785215 1115.0689158611406 1.2496645633564878
E -2.7797269638268527 630.9745646602659 1453.598312086238 2.0336421771349724
F 1424.4696871513218 1157.126070704952 1.2496645633564878
E -2.7401789381488824 619.8814224877409 1497.5973533466663 2.038561796026486
F 1438.6801457042966 1199.8455429478788 1.2496645633564878
E -2.7018529772205078 611.4621733625098 1545.2130226753081 2.0436251707671675
F 1452.8906042572714 1242.5650151908055 1.2496645633564878
E -2.6652910750235903 605.6057703176701 1595.700352852975 2.048676031237622
F 1452.8906042572714 1242.5650151908055 1.2496645633564878
E -2.6652910750235903 605.6057703176701 1595.700352852975 2.048676031237622
F 1466.9909042168124 1284.9533287341746 1.2496645633564878
E -2.6307036820469016 602.0007526113787 1648.5457905938074 2.053636751195694
F 1477.2823450182634 1329.0129368106168 1.3284710149693915
E -2.595908225350545 600.2167595163089 1702.718057545898 2.0598800955230505
F 1483.1546699592425 1373.3712433748747 1.4230387569048748
E -2.5601050146589444 600.2021982324367 1754.4037713099403 2.0665050681631327
F 1483.1546699592425 1373.3712433748747 1.4230387569048748
E -2.5601050146589444 600.2021982324367 1754.4037713099403 2.0665050681631327
F 1484.6772810955586 1417.9200134565253 1.5198581117435843
E -2.5229623202792877 602.0532198951108 1803.2804674660981 2.073151796704322
F 1481.8880778491598 1463.1050599825353 1.6166774665822938
E -2.4839369014793395 605.9662148209022 1849.9750011740427 2.0799307638893816
F 1474.942556016959 1506.9555693649802 1.7112452085177772
E -2.444596979183482 611.8627226149401 1892.720787376619 2.0864161708747666
F 1474.942556016959 1506.9555693649802 1.7112452085177772
E -2.444596979183482 611.8627226149401 1892.720787376619 2.0864161708747666
F 1460.0957945805383 1549.6955658287 1.8778645633564865
E -2.402978605855278 620.1523191971704 1930.4341274615226 2.096542665988756
F 1437.443669119346 1588.5366027429195 2.067000047227454
E -2.3595736855089706 630.9497736613034 1958.3981708135693 2.1080295611960675
F 1410.1645128427617 1621.3103778709128 2.231367789162938
E -0.7461853142466035 1975.402377309548 643.6037909342541 2.1173642893052147
F 1380.118161038225 1650.647970452855 2.3439484343242283
E -0.7034554190162408 1985.1626705547687 658.2183551655435 2.123916082512503
F 1380.118161038225 1650.647970452855 2.3439484343242283
E -0.7034554190162408 1985.1626705547687 658.2183551655435 2.123916082512503
F 1348.6757328809824 1682.8700770347755 2.3439484343242283
E -0.6571841114572576 1994.7435574314572 675.9059372963061 2.128776448556696
F 1317.7207842300538 1714.5926160727902 2.3439484343242283
E -0.6114586137480587 2007.908010909973 694.8889442939906 2.133476707050283
F 1283.8594466061152 1744.0575954180545 2.413748434324228
E -0.5649369590688008 2022.2264841005228 715.4404813039209 2.1391677970387257
F 1247.5744589000992 1769.9358869846803 2.506064563356486
E -0.518313431692415 2033.7311279214193 737.0726368298233 2.1454343693607942
F 1247.5744589000992 1769.9358869846803 2.506064563356486
E -0.518313431692415 2033.7311279214193 737.0726368298233 2.1454343693607942
F 1208.436946027959 1792.3482621518954 2.605135531098422
E -0.470622649470228 2041.4134140143026 760.0355799811523 2.152028412595018
F 1167.172173675569 1810.9677854275544 2.7019548859371314
E -0.4222201474294806 2044.9653074751598 783.9554434355201 2.1585596815958885
F 1124.8257317798395 1825.4219343209602 2.7965226278726156
E -0.3738446856224702 2044.5228989166574 808.2344152798013 2.164882696088452
F 1124.8257317798395 1825.4219343209602 2.7965226278726156
E -0.3738446856224702 2044.5228989166574 808.2344152798013 2.164882696088452
F 1081.1062026664433 1835.7500871375942 2.893341982711325
E -0.32472682855766405 2040.0986690374268 833.0354338585844 2.1713015080008167
F 1037.1253188642272 1841.8155060511913 2.9879097246468085
E -0.27560632620647335 2031.7924729955341 857.7727722859349 2.1775147976904488
F 991.5455557351867 1843.712031026104 3.084729079485518
E -0.2244774807989087 2019.283969457249 883.2333004070258 2.184043783514975
F 947.562789431467 1841.297280404872 -3.103888485758585
E -0.17442357591514143 2003.4005225896003 907.6786720779327 2.1901491854916606
F 947.562789431467 1841.297280404872 -3.103888485758585
E -0.17442357591514143 2003.4005225896003 907.6786720779327 2.1901491854916606
F 902.9617317466112 1834.6513229718535 -3.009320743823101
E -0.12237862730993786 1983.379814999899 932.3971471518996 2.1964539287228355
F 858.8949068875551 1823.529493706351 -2.910249776081166
E -0.06901334970858955 1959.3779796125357 956.8171724723175 2.2029682744076737
F 816.4063065378002 1808.4251255590855 -2.815682034145682
E -0.014996454055753866 1931.8657949357705 980.4023054711109 2.2092364346848257
F 816.4063065378002 1808.4251255590855 -2.815682034145682
E -0.014996454055753866 1931.8657949357705 980.4023054711109 2.2092364346848257
F 776.0677658969485 1789.4590136901083 -2.7188626793069726
E 0.039627208736991146 1901.19926362298 1002.9253600864943 2.2154549870790343
F 737.4407077162505 1766.523923919065 -2.622043324468263
E 0.09613507469610977 1866.8377390014186 1024.6684164852265 2.2217276949700153
F 700.9977025797809 1739.9658653787164 -2.5274755825327793
E 0.15473406212410096 1829.1692071389696 1045.3883688531835 2.227943077569302
F 667.7759350886861 1710.5138431834735 -2.4329078405972955
E 0.21473806512282997 1789.233421899577 1064.5452578666718 2.2339988389440197
F 667.7759350886861 1710.5138431834735 -2.4329078405972955
E 0.21473806512282997 1789.233421899577 1064.5452578666718 2.2339988389440197
F 636.07417356152 1678.9939916794672 -2.369862679306973
E 0.27891001617076505 1747.5687956382449 1082.5628522093973 2.239242386546219
F 603.8502149502299 1647.8037886221796 -2.3721142922101985
E 0.35045743176452143 1708.562153980622 1099.4559454964244 2.243818207780461
F 571.5128145699086 1616.4799482183785 -2.3721142922101985
E 0.43212452276207947 1675.5927508738828 1114.7852826346382 2.248419398586821
F 571.5128145699086 1616.4799482183785 -2.3721142922101985
E 0.43212452276207947 1675.5927508738828 1114.7852826346382 2.248419398586821
F 539.4260917119154 1585.398928282824 -2.3721142922101985
E 0.5233441665733729 1649.9871542729961 1127.4419378017358 2.252940349151657
F 507.2962372853965 1554.1117946674276 -2.369862679306973
E 0.624265896590717 1632.433087632923 1136.5725422647824 2.257488405440326
F 475.0722786741064 1522.92159161014 -2.3721142922101985
E 0.7318220038115338 1624.1226024215266 1141.2326445917627 2.262027317376919
F 442.48420077145704 1491.3549307380924 -2.3721142922101985
E 2.41344472547547 1140.8974102320908 1625.7851043893425 2.2666625087553025
F 442.48420077145704 1491.3549307380924 -2.3721142922101985
E 2.41344472547547 1140.8974102320908 1625.7851043893425 2.2666625087553025
F 413.59620457972136 1456.9698217446107 -2.284301388984392
E 2.520645363457245 1135.6379244124662 1633.3067264081208 2.2725080755081244
F 388.6590720531187 1420.65929746251 -2.189733647048908
E 2.6220397923058822 1126.0775152047077 1641.80256732937 2.2783764306297183
F 366.70317815645063 1381.068808610948 -2.0929142922101986
E 2.721697735694847 1112.1950186027848 1650.9083779255452 2.284546512996425
F 366.70317815645063 1381.068808610948 -2.0929142922101986
E 2.721697735694847 1112.1950186027848 1650.9083779255452 2.284546512996425
F 348.6498828156195 1339.7468819358035 -1.9983465502747149
E 2.816078037547549 1094.8423965723568 1660.0098966439934 2.290591446839947
F 332.94565148008326 1297.896214127706 -1.9398046147908439
E 2.904484052611776 1074.790451821883 1670.2192178107478 2.2956125693553138
F 316.65988795822295 1256.1112146440728 -1.9420562276940696
E 2.9867292076216443 1052.672519986237 1685.2387778070508 2.3000762492674065
F 300.62631966448697 1214.6027104517912 -1.9398046147908439
E 3.061075398384767 1029.7285311527112 1706.5039629526404 2.304462293229587
F 300.62631966448697 1214.6027104517912 -1.9398046147908439
E 3.061075398384767 1029.7285311527112 1706.5039629526404 2.304462293229587
F 284.51354676573254 1172.9377835526213 -1.9398046147908439
E 3.1288869995930324 1006.5072219867179 1733.4095170978483 2.308873510136715
F 268.2277832438723 1131.1527840689882 -1.9420562276940696
E -3.0924561572314415 983.6926940850138 1765.585324055614 2.313311602372873
F 252.0679675602316 1089.3189146279726 -1.9398046147908439
E -3.0360106271494267 961.8745291891911 1802.3438491240786 2.3177411964097425
F 252.0679675602316 1089.3189146279726 -1.9398046147908439
E -3.0360106271494267 961.8745291891911 1802.3438491240786 2.3177411964097425
F 235.52970925856195 1046.8831846468715 -1.9420562276940696
E -2.98343099099273 941.1043347742611 1843.9549704894378 2.322300872135843
F 219.44977763085558 1005.5798660411191 -1.9420562276940696
E -2.9362472545075953 922.4770000893656 1888.353558793107 2.3266102020577835
F 203.28996194721492 963.7459966001036 -1.9398046147908439
E -2.8918863519453706 905.3260728647138 1936.7728771378647 2.3310145250901537
F 203.28996194721492 963.7459966001036 -1.9398046147908439
E -2.8918863519453706 905.3260728647138 1936.7728771378647 2.3310145250901537
F 187.051308010189 921.755562459534 -1.9398046147908439
E -2.8503396408153807 889.8772288840004 1988.7022081064404 2.3354439317944835
F 170.7655444883287 879.9705629759007 -1.9420562276940696
E -2.8116668269088083 876.2681480614606 2043.7011883167334 2.3398316269376287
F 154.60572880468803 838.1366935348852 -1.9398046147908439
E -2.775381257194729 864.3686377518522 2101.711612075948 2.3442111095802582
F 138.9512022323511 797.9785202949223 -1.9420562276940696
E -2.7425482923119846 854.4623977141295 2160.1521911652176 2.3482492148457825
F 136.6785994382245 791.9348282146515 -1.9398046147908439
E -2.7377897918404694 853.097906191083 2169.123068830668 2.348340571881216
F 136.6785994382245 791.9348282146515 -1.9398046147908439
E -2.7377897918404694 853.097906191083 2169.123068830668 2.348340571881216
F 136.6785994382245 791.9348282146515 -1.9398046147908439
E -2.7377897918404694 853.097906191083 2169.123068830668 2.348340571881216
F 136.6785994382245 791.9348282146515 -1.9398046147908439
E -2.7377897918404694 853.097906191083 2169.123068830668 2.348340571881216
F 136.6785994382245 791.9348282146515 -1.9398046147908439
E -2.7377897918404694 853.097906191083 2169.123068830668 2.348340571881216
F 136.6785994382245 791.9348282146515 -1.9398046147908439
E -2.7377897918404694 853.097906191083 2169.123068830668 2.348340571881216
F 136.6785994382245 791.9348282146515 -1.9398046147908439
E -2.7377897918404694 853.097906191083 2169.123068830668 2.348340571881216
F 136.6785994382245 791.9348282146515 -1.9398046147908439
E -2.7377897918404694 853.097906191083 2169.123068830668 2.348340571881216
