F 1824.8398829616374 1880.660828949549 3.717551306747922
F 1824.8398829616374 1880.660828949549 3.717551306747922
F 1824.8398829616374 1880.660828949549 3.717551306747922
F 1824.8398829616374 1880.660828949549 3.717551306747922
F 1824.8398829616374 1880.660828949549 3.717551306747922
F 1824.8398829616374 1880.660828949549 3.717551306747922
F 1824.8398829616374 1880.660828949549 3.717551306747922
F 1824.8398829616374 1880.660828949549 3.717551306747922
F 1824.8398829616374 1880.660828949549 3.717551306747922
F 1824.8398829616374 1880.660828949549 3.717551306747922
F 1824.8398829616374 1880.660828949549 3.717551306747922
F 1824.8398829616374 1880.660828949549 3.717551306747922
F 1824.8398829616374 1880.660828949549 3.717551306747922
F 1804.0584649585178 1867.1652183009116 3.717551306747922
F 1766.8860693754727 1843.0251823519407 3.717551306747922
F 1729.2104378659642 1818.69908390404 -2.56788561333489
F 1691.3975359993867 1794.263967914371 -2.56788561333489
F 1691.3975359993867 1794.263967914371 -2.56788561333489
F 1653.8777574030928 1770.0182714284979 -2.56788561333489
F 1616.2755772524256 1745.57878855234 -2.5656340004316642
F 1578.599945742917 1721.2526901044394 -2.56788561333489
F 1540.9977655922498 1696.8132072282815 -2.5656340004316642
F 1540.9977655922498 1696.8132072282815 -2.5656340004316642
F 1503.3221340827413 1672.4871087803808 -2.56788561333489
F 1465.719953932074 1648.047625904223 -2.5656340004316642
F 1465.719953932074 1648.047625904223 -2.5656340004316642
F 1428.0443224225655 1623.7215274563223 -2.56788561333489
F 1390.4421422718983 1599.2820445801644 -2.5656340004316642
F 1352.7665107623898 1574.9559461322638 -2.56788561333489
F 1315.1643306117226 1550.516463256106 -2.5656340004316642
F 1277.488699102214 1526.1903648082052 -2.56788561333489
F 1277.488699102214 1526.1903648082052 -2.56788561333489
F 1239.8865189515468 1501.7508819320474 -2.5656340004316642
F 1202.2108874420383 1477.4247834841467 -2.56788561333489
F 1164.3979855754608 1452.9896674944778 -2.56788561333489
F 1164.3979855754608 1452.9896674944778 -2.56788561333489
F 1126.8782069791669 1428.7439710086046 -2.56788561333489
F 1089.2760268284997 1404.3044881324467 -2.5656340004316642
F 1051.600395318991 1379.978389684546 -2.56788561333489
F 1013.7874934524135 1355.5432736948771 -2.56788561333489
F 1013.7874934524135 1355.5432736948771 -2.56788561333489
F 976.2677148561196 1331.297577209004 -2.56788561333489
F 938.6655347054524 1306.8580943328461 -2.5656340004316642
F 900.9899031959438 1282.5319958849454 -2.56788561333489
F 900.9899031959438 1282.5319958849454 -2.56788561333489
F 863.3877230452766 1258.0925130087876 -2.5656340004316642
F 825.7120915357681 1233.766414560887 -2.56788561333489
F 787.8991896691906 1209.331298571218 -2.56788561333489
F 749.7931645323296 1184.706763077753 -2.56788561333489
F 749.7931645323296 1184.706763077753 -2.56788561333489
F 712.1909843816624 1160.2672802015952 -2.5656340004316642
F 674.5153528721538 1135.9411817536945 -2.56788561333489
F 636.9131727214866 1111.5016988775367 -2.5656340004316642
F 636.9131727214866 1111.5016988775367 -2.5656340004316642
F 599.237541211978 1087.175600429636 -2.56788561333489
F 561.6353610613108 1062.7361175534782 -2.5656340004316642
F 523.9597295518023 1038.4100191055775 -2.56788561333489
F 523.9597295518023 1038.4100191055775 -2.56788561333489
F 486.3575494011351 1013.9705362294197 -2.5656340004316642
F 448.68191789162654 989.6444377815187 -2.56788561333489
F 411.46870313990746 964.6131144610373 -2.5521243230123094
F 377.4640783224051 935.7930389670155 -2.4553049681736
F 377.4640783224051 935.7930389670155 -2.4553049681736
F 345.9342457267241 903.5549752333225 -2.360737226238116
F 317.7970507152015 868.5354631952547 -2.2639178713994066
F 293.1852364358433 831.166998424281 -2.169350129463923
F 272.211979051117 791.6414872177812 -2.074782387528439
F 272.211979051117 791.6414872177812 -2.074782387528439
F 255.2489324607826 750.4205421675478 -1.9779630326897293
F 242.10510292666743 707.0995561505429 -1.8811436778510195
F 233.48160792263073 663.7217588332413 -1.7843243230123098
F 228.74311392065434 619.0564266428967 -1.6920081939800518
F 228.74311392065434 619.0564266428967 -1.6920081939800518
F 232.60195602438603 573.4236685553302 -1.514130774625213
F 245.01149708393362 530.378809231396 -1.3227436778510195
F 264.5042181342119 490.85946636043633 -1.1448662584961808
F 264.5042181342119 490.85946636043633 -1.1448662584961808
F 288.159466798909 457.1059331385426 -0.9940081939800516
F 317.42795341976864 426.6090167836013 -0.8386469036574709
F 350.2612024071068 401.14275565836624 -0.6922920649477935
F 350.2612024071068 401.14275565836624 -0.6922920649477935
F 386.3762121889238 380.9342594428885 -0.5436856133348904
F 424.18613751155954 365.9919154396708 -0.40858883914134214
F 465.62783748942076 356.7997056931848 -0.2509759359155357
F 507.25758226899796 353.89189686137775 -0.1023694843026326
F 507.25758226899796 353.89189686137775 -0.1023694843026326
F 548.5104880804212 357.18962531374535 0.046236967310270494
F 589.1264807530532 366.82577276622175 0.1993466447296255
F 627.8716619086426 382.32744815424456 0.3479530963425286
F 627.8716619086426 382.32744815424456 0.3479530963425286
F 669.076894221852 399.1498931278804 0.3817272898909154
F 710.6513808362639 415.96578852733586 0.38397890279414115
F 752.2763353427933 432.65636783623637 0.3817272898909154
F 793.409079418985 449.16774857082413 0.3817272898909154
F 793.409079418985 449.16774857082413 0.3817272898909154
F 834.983566033397 465.9836439702796 0.38397890279414115
F 876.7262012759696 482.84907737726707 0.38397890279414115
F 918.7924228382522 499.84525057810714 0.38397890279414115
F 960.4173773447816 516.5358298870076 0.3817272898909154
F 960.4173773447816 516.5358298870076 0.3817272898909154
F 1001.9918639591936 533.3517252864631 0.38397890279414115
F 1043.0873265623466 549.9556791057453 0.38397890279414115
F 1084.829961804919 566.8211125127327 0.38397890279414115
F 1084.829961804919 566.8211125127327 0.38397890279414115
F 1126.249010727782 583.5558061258675 0.38397890279414115
F 1167.9916459703547 600.421239532855 0.38397890279414115
F 1209.4106948932176 617.1559331459898 0.38397890279414115
F 1251.1533301357904 634.0213665529773 0.38397890279414115
F 1251.1533301357904 634.0213665529773 0.38397890279414115
F 1292.0054344089492 651.6688847423728 0.4042434189231736
F 1331.363588597857 674.0385915609603 0.5010627737618831
F 1365.683392708235 703.0069200119688 0.6721853544070444
F 1365.683392708235 703.0069200119688 0.6721853544070444
F 1393.9140012128662 738.2344002154664 0.8635724511812377
F 1414.4884062770038 774.7760677294848 1.0234369673102695
F 1429.6364899776754 813.6480841798368 1.1675401931167215
F 1429.6364899776754 813.6480841798368 1.1675401931167215
F 1438.765960851971 853.8290708894964 1.3138950318263989
F 1442.323410005585 894.5084573743815 1.4512434189231733
F 1439.750771899576 936.1602584853848 1.599849870536076
F 1430.2166778950864 972.2411635478459 1.7754756769876892
F 1430.2166778950864 972.2411635478459 1.7754756769876892
F 1414.2188452706296 1005.6134288285001 1.9601079350522053
F 1392.5517873127599 1035.5949329049613 2.14023696731027
F 1365.8639077789503 1061.2095590631825 2.3203659995683346
F 1365.8639077789503 1061.2095590631825 2.3203659995683346
F 1333.6398340232727 1081.8330168003463 2.5162563221489798
F 1298.7164298605644 1095.6354472508924 2.7076434189231735
F 1262.3851446275396 1102.6835996299978 2.8922756769876896
F 1222.987572349239 1106.4891064202232 3.0138627737618826
F 1222.987572349239 1106.4891064202232 3.0138627737618826
F 1178.1754511210238 1112.3636882001115 3.0116111608586564
F 1134.0381831872637 1118.0146006798839 3.0138627737618826
F 1089.730098115362 1123.7050471703724 3.0138627737618826
F 1089.730098115362 1123.7050471703724 3.0138627737618826
F 1044.5718703145312 1129.624475231427 3.0116111608586564
F 1000.0884958081562 1135.3202339923653 3.0138627737618826
F 955.6224811525551 1141.1499694910879 3.0116111608586564
F 955.6224811525551 1141.1499694910879 3.0116111608586564
F 911.6733770063751 1146.8949302175179 3.0116111608586564
F 867.1900025 1152.5906889784562 3.0138627737618826
F 822.723987844399 1158.4204244771788 3.0116111608586564
F 778.2406133380239 1164.1161832381172 3.0138627737618826
F 733.7745986824228 1169.9459187368398 3.0116111608586564
F 733.7745986824228 1169.9459187368398 3.0116111608586564
F 689.133382659925 1175.781351285733 3.0116111608586564
F 644.8382225755861 1181.5715479233947 3.0116111608586564
F 600.1970065530883 1187.406980472288 3.0116111608586564
F 600.1970065530883 1187.406980472288 3.0116111608586564
F 555.4963015492312 1192.7732376523736 3.0206176124715594
F 510.72521907085866 1189.2287798468706 -3.091445114062866
F 472.39548575079164 1173.1363500189143 -2.8077418882564147
F 445.677354152876 1152.411786588942 -2.5735741463209307
F 445.677354152876 1152.411786588942 -2.5735741463209307
F 424.1057819830158 1125.4620634269784 -2.3349031785789953
F 409.80763726133705 1095.426394359272 -2.107490275353189
F 402.7319327521208 1062.3612996044594 -1.873322533417705
F 402.7319327521208 1062.3612996044594 -1.873322533417705
F 403.813432114727 1027.8333649553401 -1.630148339869318
F 412.4928134283916 995.5310022254575 -1.4004838237402857
F 428.151944496842 966.181897077124 -1.1730709205144791
F 449.34149485102125 941.4945510126927 -0.954664468901576
F 449.34149485102125 941.4945510126927 -0.954664468901576
F 475.93798785391135 921.8203119877599 -0.7295031785789954
F 506.53974155112286 908.3792363609628 -0.5043418882564148
F 545.925054601899 889.964687926353 -0.44805156567576976
F 545.925054601899 889.964687926353 -0.44805156567576976
F 586.0811972765557 870.7939957634862 -0.44579995277254403
F 626.3872253980542 851.5323322561726 -0.44579995277254403
F 667.0081443642517 832.120187002708 -0.44579995277254403
F 706.999281641051 813.0090052415451 -0.44579995277254403
F 706.999281641051 813.0090052415451 -0.44579995277254403
F 747.6202006072486 793.5968599880805 -0.44579995277254403
F 788.2411195734463 774.1847147346159 -0.44579995277254403
F 828.5471476949448 754.9230512273023 -0.44579995277254403
F 869.1680666611425 735.5109059738377 -0.44579995277254403
F 869.1680666611425 735.5109059738377 -0.44579995277254403
F 911.9826474639189 720.3038999892236 -0.3557354366435117
F 955.5895381254644 709.5100566823725 -0.2589160818048022
F 1000.0356241638907 702.9821625069397 -0.16209672696609267
F 1000.0356241638907 702.9821625069397 -0.16209672696609267
F 1044.7218714443547 700.6837140192968 -0.06752898503060889
F 1089.774285475419 702.6080546291895 0.027038756904874894
F 1133.909014096832 708.8560134938473 0.12385811174358441
F 1133.909014096832 708.8560134938473 0.12385811174358441
F 1177.2811251146716 719.9469223696153 0.23193553109842302
F 1217.832546311968 739.7843833187651 0.42332262787261676
F 1253.5674765834715 766.8005152035605 0.6147097246468105
F 1282.6079762649022 796.786571575848 0.7678194020661655
F 1282.6079762649022 796.786571575848 0.7678194020661655
F 1306.9790934674195 829.7600342296494 0.9029161762597138
F 1326.2953319781825 865.3428590446421 1.0402645633564882
F 1340.5770974387342 904.5541096998412 1.1888710149693917
F 1353.7535962412433 945.440104288463 1.2474129504532625
F 1353.7535962412433 945.440104288463 1.2474129504532625
F 1367.9493024513017 987.7965619920731 1.2474129504532625
F 1382.1450086613602 1030.153019695683 1.2474129504532625
F 1396.2298109166525 1072.1785675734839 1.2474129504532625
F 1396.2298109166525 1072.1785675734839 1.2474129504532625
F 1410.479545785215 1115.0689158611406 1.2496645633564878
F 1424.4696871513218 1157.126070704952 1.2496645633564878
F 1438.6801457042966 1199.8455429478788 1.2496645633564878
F 1452.8906042572714 1242.5650151908055 1.2496645633564878
F 1452.8906042572714 1242.5650151908055 1.2496645633564878
F 1466.9909042168124 1284.9533287341746 1.2496645633564878
F 1477.2823450182634 1329.0129368106168 1.3284710149693915
F 1483.1546699592425 1373.3712433748747 1.4230387569048748
F 1483.1546699592425 1373.3712433748747 1.4230387569048748
F 1484.6772810955586 1417.9200134565253 1.5198581117435843
F 1481.8880778491598 1463.1050599825353 1.6166774665822938
F 1474.942556016959 1506.9555693649802 1.7112452085177772
F 1474.942556016959 1506.9555693649802 1.7112452085177772
F 1460.0957945805383 1549.6955658287 1.8778645633564865
F 1437.443669119346 1588.5366027429195 2.067000047227454
F 1410.1645128427617 1621.3103778709128 2.231367789162938
F 1380.118161038225 1650.647970452855 2.3439484343242283
F 1380.118161038225 1650.647970452855 2.3439484343242283
F 1348.6757328809824 1682.8700770347755 2.3439484343242283
F 1317.7207842300538 1714.5926160727902 2.3439484343242283
F 1283.8594466061152 1744.0575954180545 2.413748434324228
F 1247.5744589000992 1769.9358869846803 2.506064563356486
F 1247.5744589000992 1769.9358869846803 2.506064563356486
F 1208.436946027959 1792.3482621518954 2.605135531098422
F 1167.172173675569 1810.9677854275544 2.7019548859371314
F 1124.8257317798395 1825.4219343209602 2.7965226278726156
F 1124.8257317798395 1825.4219343209602 2.7965226278726156
F 1081.1062026664433 1835.7500871375942 2.893341982711325
F 1037.1253188642272 1841.8155060511913 2.9879097246468085
F 991.5455557351867 1843.712031026104 3.084729079485518
F 947.562789431467 1841.297280404872 -3.103888485758585
F 947.562789431467 1841.297280404872 -3.103888485758585
F 902.9617317466112 1834.6513229718535 -3.009320743823101
F 858.8949068875551 1823.529493706351 -2.910249776081166
F 816.4063065378002 1808.4251255590855 -2.815682034145682
F 816.4063065378002 1808.4251255590855 -2.815682034145682
F 776.0677658969485 1789.4590136901083 -2.7188626793069726
F 737.4407077162505 1766.523923919065 -2.622043324468263
F 700.9977025797809 1739.9658653787164 -2.5274755825327793
F 667.7759350886861 1710.5138431834735 -2.4329078405972955
F 667.7759350886861 1710.5138431834735 -2.4329078405972955
F 636.07417356152 1678.9939916794672 -2.369862679306973
F 603.8502149502299 1647.8037886221796 -2.3721142922101985
F 571.5128145699086 1616.4799482183785 -2.3721142922101985
F 571.5128145699086 1616.4799482183785 -2.3721142922101985
F 539.4260917119154 1585.398928282824 -2.3721142922101985
F 507.2962372853965 1554.1117946674276 -2.369862679306973
F 475.0722786741064 1522.92159161014 -2.3721142922101985
F 442.48420077145704 1491.3549307380924 -2.3721142922101985
F 442.48420077145704 1491.3549307380924 -2.3721142922101985
F 413.59620457972136 1456.9698217446107 -2.284301388984392
F 388.6590720531187 1420.65929746251 -2.189733647048908
F 366.70317815645063 1381.068808610948 -2.0929142922101986
F 366.70317815645063 1381.068808610948 -2.0929142922101986
F 348.6498828156195 1339.7468819358035 -1.9983465502747149
F 332.94565148008326 1297.896214127706 -1.9398046147908439
F 316.65988795822295 1256.1112146440728 -1.9420562276940696
F 300.62631966448697 1214.6027104517912 -1.9398046147908439
F 300.62631966448697 1214.6027104517912 -1.9398046147908439
F 284.51354676573254 1172.9377835526213 -1.9398046147908439
F 268.2277832438723 1131.1527840689882 -1.9420562276940696
F 252.0679675602316 1089.3189146279726 -1.9398046147908439
F 252.0679675602316 1089.3189146279726 -1.9398046147908439
F 235.52970925856195 1046.8831846468715 -1.9420562276940696
F 219.44977763085558 1005.5798660411191 -1.9420562276940696
F 203.28996194721492 963.7459966001036 -1.9398046147908439
F 203.28996194721492 963.7459966001036 -1.9398046147908439
F 187.051308010189 921.755562459534 -1.9398046147908439
F 170.7655444883287 879.9705629759007 -1.9420562276940696
F 154.60572880468803 838.1366935348852 -1.9398046147908439
F 138.9512022323511 797.9785202949223 -1.9420562276940696
F 136.6785994382245 791.9348282146515 -1.9398046147908439
F 136.6785994382245 791.9348282146515 -1.9398046147908439
F 136.6785994382245 791.9348282146515 -1.9398046147908439
F 136.6785994382245 791.9348282146515 -1.9398046147908439
F 136.6785994382245 791.9348282146515 -1.9398046147908439
F 136.6785994382245 791.9348282146515 -1.9398046147908439
F 136.6785994382245 791.9348282146515 -1.9398046147908439
F 136.6785994382245 791.9348282146515 -1.9398046147908439
