F 1850.0 1897.0 3.717551306747922
F 1850.0 1897.0 3.717551306747922
F 1850.0 1897.0 3.717551306747922
F 1850.0 1897.0 3.717551306747922
F 1850.0 1897.0 3.717551306747922
F 1850.0 1897.0 3.717551306747922
F 1850.0 1897.0 3.717551306747922
F 1850.0 1897.0 3.717551306747922
F 1850.0 1897.0 3.717551306747922
F 1850.0 1897.0 3.717551306747922
F 1850.0 1897.0 3.717551306747922
F 1850.0 1897.0 3.717551306747922
F 1850.0 1897.0 3.717551306747922
F 1829.2185819968804 1883.5043893513625 3.717551306747922
F 1792.0461864138354 1859.3643534023915 3.717551306747922
F 1754.3772249131678 1835.027942772848 3.7155339657074595
F 1716.5700485443263 1810.5839689548432 3.7155339657074595
F 1716.5700485443263 1810.5839689548432 3.7155339657074595
F 1679.0559510620649 1786.3294833059701 3.7155339657074595
F 1641.4528104841277 1761.8914931769834 3.717551306747922
F 1603.78384898346 1737.5550825474409 3.7155339657074595
F 1566.1807084055229 1713.1170924184555 3.717551306747922
F 1566.1807084055229 1713.1170924184555 3.717551306747922
F 1528.5117469048553 1688.780681788913 3.7155339657074595
F 1490.908606326918 1664.3426916599276 3.717551306747922
F 1490.908606326918 1664.3426916599276 3.717551306747922
F 1453.2396448262505 1640.006281030385 3.7155339657074595
F 1415.6365042483133 1615.5682909013997 3.717551306747922
F 1377.9675427476457 1591.231880271857 3.7155339657074595
F 1340.3644021697085 1566.7938901428718 3.717551306747922
F 1302.6954406690409 1542.4574795133292 3.7155339657074595
F 1302.6954406690409 1542.4574795133292 3.7155339657074595
F 1265.0923000911037 1518.0194893843438 3.717551306747922
F 1227.423338590436 1493.6830787548013 3.7155339657074595
F 1189.6161622215945 1469.2391049367964 3.7155339657074595
F 1189.6161622215945 1469.2391049367964 3.7155339657074595
F 1152.1020647393332 1444.9846192879234 3.7155339657074595
F 1114.498924161396 1420.5466291589366 3.717551306747922
F 1076.8299626607284 1396.210218529394 3.7155339657074595
F 1039.0227862918869 1371.7662447113892 3.7155339657074595
F 1039.0227862918869 1371.7662447113892 3.7155339657074595
F 1001.5086888096254 1347.5117590625161 3.7155339657074595
F 963.9055482316882 1323.0737689335294 3.717551306747922
F 926.2365867310206 1298.7373583039869 3.7155339657074595
F 926.2365867310206 1298.7373583039869 3.7155339657074595
F 888.6334461530834 1274.2993681750015 3.717551306747922
F 850.9644846524158 1249.962957545459 3.7155339657074595
F 813.1573082835741 1225.518983727454 3.7155339657074595
F 775.0570530281524 1200.8855217403175 3.7155339657074595
F 775.0570530281524 1200.8855217403175 3.7155339657074595
F 737.4539124502145 1176.4475316113314 3.717551306747922
F 699.7849509495469 1152.1111209817889 3.7155339657074595
F 662.1818103716097 1127.6731308528035 3.717551306747922
F 662.1818103716097 1127.6731308528035 3.717551306747922
F 624.5128488709421 1103.336720223261 3.7155339657074595
F 586.9097082930049 1078.8987300942756 3.717551306747922
F 549.2407467923373 1054.562319464733 3.7155339657074595
F 549.2407467923373 1054.562319464733 3.7155339657074595
F 511.6376062144001 1030.1243293357477 3.717551306747922
F 473.96864471373254 1005.7879187062051 3.7155339657074595
F 436.7136978141519 980.8194677858539 3.7296553529906964
F 402.34313228002935 952.4607210713148 3.816401017730581
F 402.34313228002935 952.4607210713148 3.816401017730581
F 370.0925807430207 920.9640986508184 3.901129341430003
F 340.8227296702085 886.9054489887119 3.9878750061698875
F 314.63954332136024 850.6384954893396 4.07260332986931
F 291.61944675475553 812.2858382467398 4.157331653568732
F 291.61944675475553 812.2858382467398 4.157331653568732
F 272.10657343487486 772.2258574035459 4.244077318308616
F 255.85007178401656 729.9902455307948 4.3308229830485
F 243.66112649625302 687.4924121256181 4.417568647788384
F 234.82000643317897 643.4691190629068 4.500279630447343
F 234.82000643317897 643.4691190629068 4.500279630447343
F 233.54700277387028 597.7405194468528 4.659649572643875
F 240.14837118963538 553.491216684446 4.8311235610831815
F 253.4553317134127 511.53797381606086 4.990493503279713
F 253.4553317134127 511.53797381606086 4.990493503279713
F 271.15188725873 474.3586073134782 5.125655352990695
F 294.35827063276406 439.07970522164663 5.264851884782603
F 321.50806892813796 407.67505619668293 5.3959790524126605
F 321.50806892813796 407.67505619668293 5.3959790524126605
F 352.4834842575103 380.29060824032706 5.529123561083181
F 385.9160377293653 357.2170687079484 5.650164023510927
F 423.8679451572108 338.2988997282659 5.791377896343296
F 463.3189147090079 324.8144804350933 5.924522405013817
F 463.3189147090079 324.8144804350933 5.924522405013817
F 503.87682336844694 316.78700325517656 6.057666913684337
F 545.508000359495 314.3630180881177 6.194846104435783
F 587.0853729065996 317.4501938735547 0.044805305926717054
F 587.0853729065996 317.4501938735547 0.044805305926717054
F 631.4469042682014 321.0216084339394 0.07506542153365346
F 676.1590903307676 324.4903200643433 0.07708276257411587
F 720.8804755560565 327.83834133067023 0.07506542153365346
F 765.0786581745886 331.16234226612283 0.07506542153365346
F 765.0786581745886 331.16234226612283 0.07506542153365346
F 809.7908442371548 334.6310538965275 0.07708276257411587
F 854.6781586358835 338.0979613180905 0.07708276257411587
F 899.9134367121217 341.5917439909834 0.07708276257411587
F 944.6348219374105 344.9397652573108 0.07506542153365346
F 944.6348219374105 344.9397652573108 0.07506542153365346
F 989.3470079999768 348.40847688771584 0.07708276257411587
F 1033.5383950436863 351.82163380661893 0.07708276257411587
F 1078.425709442415 355.28854122818194 0.07708276257411587
F 1078.425709442415 355.28854122818194 0.07708276257411587
F 1122.965060163634 358.728573398415 0.07708276257411587
F 1167.8523745623627 362.195480819978 0.07708276257411587
F 1212.3917252835818 365.63551299021105 0.07708276257411587
F 1257.2790396823104 369.10242041177406 0.07708276257411587
F 1257.2790396823104 369.10242041177406 0.07708276257411587
F 1301.5639937066303 373.4742200989103 0.0952388319382777
F 1345.9525282718553 382.29344655829084 0.18198449667816208
F 1387.9210862251207 398.15018136333003 0.3353024157533066
F 1387.9210862251207 398.15018136333003 0.3353024157533066
F 1426.700858143481 421.14611314454993 0.5067764041926129
F 1459.2457801235762 447.52105100579655 0.6500076180654453
F 1488.0593239344314 477.64065583330796 0.7791174446550406
F 1488.0593239344314 477.64065583330796 0.7791174446550406
F 1512.3281240932504 510.892497808735 0.9102446122850985
F 1532.191344035435 546.5308585559237 1.0333024157533066
F 1547.4634428469135 585.3248214901655 1.166446924423827
F 1554.819508533641 621.8468807165586 1.3237995255798962
F 1554.819508533641 621.8468807165586 1.3237995255798962
F 1555.9156283715683 658.7679723213344 1.4892214908978152
F 1551.1115207066039 695.3774640671627 1.6506087741348094
F 1540.4871489340783 730.7392663513167 1.8119960573718037
F 1540.4871489340783 730.7392663513167 1.8119960573718037
F 1523.2933958124113 764.8306386079444 1.9875047278920348
F 1500.9131655450872 794.8912302066925 2.158978716331341
F 1474.2747946716308 820.4796197846932 2.3244006816492604
F 1443.5208540021722 845.3513813478143 2.4333370978342317
F 1443.5208540021722 845.3513813478143 2.4333370978342317
F 1409.2640644153216 874.8320285152976 2.431319756793769
F 1375.458115259229 903.766234899764 2.4333370978342317
F 1341.5298291264598 932.825811360768 2.4333370978342317
F 1341.5298291264598 932.825811360768 2.4333370978342317
F 1307.0082039802983 962.5337536782562 2.431319756793769
F 1272.9374192648938 991.6952552127316 2.4333370978342317
F 1238.9454652373533 1020.9486072302051 2.431319756793769
F 1238.9454652373533 1020.9486072302051 2.431319756793769
F 1205.3404773829661 1049.8490072327395 2.431319756793769
F 1171.2696926675617 1079.0105087672148 2.4333370978342317
F 1137.2777386400212 1108.2638607846882 2.431319756793769
F 1103.2069539246168 1137.4253623191637 2.4333370978342317
F 1069.2149998970763 1166.678714336637 2.431319756793769
F 1069.2149998970763 1166.678714336637 2.431319756793769
F 1035.0807996355334 1196.0342387486603 2.431319756793769
F 1001.2112055775684 1225.1622009559392 2.431319756793769
F 967.0770053160256 1254.5177253679624 2.431319756793769
F 967.0770053160256 1254.5177253679624 2.431319756793769
F 932.6676315530889 1283.5510345622251 2.439389120955619
F 893.7994133505099 1305.957674406491 2.5927070400307635
F 853.5318988747202 1315.691114921026 2.8468920111290292
F 819.8466955331377 1315.7649728691867 3.0566954793371215
F 819.8466955331377 1315.7649728691867 3.0566954793371215
F 786.2073442193275 1308.6195688845928 3.2705336296261387
F 755.892120291693 1295.227130539595 3.474285074712844
F 728.578548767273 1275.5124864966333 3.6840885429209367
F 728.578548767273 1275.5124864966333 3.6840885429209367
F 705.6665342784125 1249.8396992608393 3.901961375290879
F 689.0642755496763 1220.9471558926082 4.107730161418046
F 678.7142724043866 1189.4630703651599 4.311481606504751
F 674.7929614040042 1157.2842819852249 4.507163687429607
F 674.7929614040042 1157.2842819852249 4.507163687429607
F 677.4265773775544 1124.4292060517214 4.70889779147585
F 686.6237827022511 1092.4213475055717 4.9106318955220924
F 697.7268239593969 1050.3909181944696 4.961065421533653
F 697.7268239593969 1050.3909181944696 4.961065421533653
F 708.7807465797082 1007.2882350744301 4.963082762574115
F 719.8628027371668 964.0126574893425 4.963082762574115
F 731.0314374583556 920.3989894543714 4.963082762574115
F 742.0269150520842 877.4615023191674 4.963082762574115
F 742.0269150520842 877.4615023191674 4.963082762574115
F 753.195549773273 833.8478342841963 4.963082762574115
F 764.3641844944618 790.2341662492253 4.963082762574115
F 775.4462406519204 746.9585886641377 4.963082762574115
F 786.6148753731093 703.3449206291666 4.963082762574115
F 786.6148753731093 703.3449206291666 4.963082762574115
F 801.9486045931902 660.5891715927097 5.043776404192612
F 820.7804883720934 619.8206058591869 5.130522068932496
F 843.0736261520126 580.8368681400271 5.21726773367238
F 843.0736261520126 580.8368681400271 5.21726773367238
F 868.4810632155013 544.0222880749358 5.301996057371802
F 897.1189684773965 509.2084161191867 5.386724381071224
F 928.333808387016 477.4092327999316 5.4734700458111085
F 928.333808387016 477.4092327999316 5.4734700458111085
F 962.6642900223292 448.7059391973768 5.570302415753305
F 1001.9474020404301 426.580824537789 5.741776404192612
F 1044.1167113203207 411.6366546118033 5.913250392631918
F 1084.965661717531 403.2465501311454 6.050429583383363
F 1084.965661717531 403.2465501311454 6.050429583383363
F 1125.791903941646 399.8279531533638 6.171470045811109
F 1166.2103343586195 401.4918508081976 0.011342542099730402
F 1207.274086456545 408.7013463447117 0.14448705077025062
F 1249.3049625467747 417.5436186634145 0.19693791782227374
F 1249.3049625467747 417.5436186634145 0.19693791782227374
F 1293.1134672600097 426.28447095540946 0.19693791782227374
F 1336.9219719732446 435.0253232474044 0.19693791782227374
F 1380.3882227434074 443.6978876308681 0.19693791782227374
F 1380.3882227434074 443.6978876308681 0.19693791782227374
F 1424.689256660926 452.64521036172704 0.19895525886273618
F 1468.137923476392 461.4054432900595 0.19895525886273618
F 1512.2708212653297 470.3036326424602 0.19895525886273618
F 1556.4037190542674 479.20182199486084 0.19895525886273618
F 1556.4037190542674 479.20182199486084 0.19895525886273618
F 1600.1945013564691 488.0310331352274 0.19895525886273618
F 1643.6548501941606 500.579649804272 0.26956219527892117
F 1685.378607009277 516.7035228110026 0.3542905189783431
F 1685.378607009277 516.7035228110026 0.3542905189783431
F 1725.3835437777598 536.3289992257161 0.4410361837182275
F 1764.155271065256 559.6715337782032 0.5277818484581118
F 1800.084629832615 585.727083350921 0.6125101721575338
F 1800.084629832615 585.727083350921 0.6125101721575338
F 1832.0178265652848 617.7180150660508 0.7617934091517534
F 1857.778711081883 654.5008348273371 0.9312500565505973
F 1876.7685337785895 692.627983811101 1.0785159525043546
F 1891.9349917899642 731.7633306595162 1.179383004527476
F 1891.9349917899642 731.7633306595162 1.179383004527476
F 1909.1102885194596 773.3794287857676 1.179383004527476
F 1926.0193015787304 814.3503160883562 1.179383004527476
F 1940.0655791415963 856.9739475947345 1.2419205767818113
F 1950.3015751846858 900.336106640212 1.324631559440771
F 1950.3015751846858 900.336106640212 1.324631559440771
F 1956.7135693154285 944.9626979345455 1.4133945652211177
F 1959.2697315898524 990.1466197499086 1.500140229961002
F 1957.9929698081087 1034.8592694461279 1.5848685536604241
F 1957.9929698081087 1034.8592694461279 1.5848685536604241
F 1952.8217210325515 1079.4683939021404 1.6716142184003084
F 1943.98393015402 1122.9621168671533 1.7563425420997303
F 1931.118303587019 1166.7142004297823 1.8430882068396146
F 1915.0965570923192 1207.730257066148 1.9278165305390367
F 1915.0965570923192 1207.730257066148 1.9278165305390367
F 1895.2542147221711 1248.2076179930464 2.0125448542384587
F 1871.710341219659 1287.064510453461 2.1013078600188058
F 1845.1785746766752 1323.5089978616986 2.186036183718228
F 1845.1785746766752 1323.5089978616986 2.186036183718228
F 1815.8963208815815 1357.0962559074892 2.2727818484581124
F 1783.5776434323313 1388.2766806409986 2.359527513197997
F 1748.6190563518533 1416.7377503271011 2.444255836897419
F 1711.9306951458836 1441.7132310430006 2.528984160596841
F 1711.9306951458836 1441.7132310430006 2.528984160596841
F 1673.7417051112857 1464.9409919408783 2.585469709729789
F 1635.7091116997458 1488.7051115597692 2.5834523686893265
F 1597.5204311145415 1512.5486665833228 2.5834523686893265
F 1597.5204311145415 1512.5486665833228 2.5834523686893265
F 1559.6277868129432 1536.207387847004 2.5834523686893265
F 1521.5311928124333 1559.8687713321003 2.585469709729789
F 1483.4985994008935 1583.6328909509916 2.5834523686893265
F 1445.0138825320828 1607.6612797344178 2.5834523686893265
F 1445.0138825320828 1607.6612797344178 2.5834523686893265
F 1404.908584510271 1627.843065985261 2.662128669267361
F 1364.0051189034837 1644.1501124404697 2.746856992966783
F 1320.6887656652282 1657.2579077672485 2.8336026577066677
F 1320.6887656652282 1657.2579077672485 2.8336026577066677
F 1276.5926478577971 1666.62101049304 2.91833098140609
F 1232.482020123944 1673.8222645092076 2.9707818484581128
F 1188.3062257770591 1681.549536776341 2.9687645074176503
F 1144.4535975281933 1689.0978805092511 2.9707818484581128
F 1144.4535975281933 1689.0978805092511 2.9707818484581128
F 1100.431697125476 1696.6912900815864 2.9707818484581128
F 1056.2559027785912 1704.4185623487188 2.9687645074176503
F 1012.059413503961 1712.0265764566268 2.9707818484581128
F 1012.059413503961 1712.0265764566268 2.9707818484581128
F 967.1958971055471 1719.8731894737589 2.9687645074176503
F 923.5332054877672 1727.4953735236656 2.9687645074176503
F 879.3367162131372 1735.1033876315726 2.9707818484581128
F 879.3367162131372 1735.1033876315726 2.9707818484581128
F 834.9708947135235 1742.7561207161918 2.9707818484581128
F 790.7951003666387 1750.4833929833235 2.9687645074176503
F 746.5986110920085 1758.0914070912315 2.9707818484581128
F 704.1421218739467 1765.5203274833634 2.9687645074176503
F 697.7703454334279 1766.5646003412542 2.9707818484581128
F 697.7703454334279 1766.5646003412542 2.9707818484581128
F 697.7703454334279 1766.5646003412542 2.9707818484581128
F 697.7703454334279 1766.5646003412542 2.9707818484581128
F 697.7703454334279 1766.5646003412542 2.9707818484581128
F 697.7703454334279 1766.5646003412542 2.9707818484581128
F 697.7703454334279 1766.5646003412542 2.9707818484581128
F 697.7703454334279 1766.5646003412542 2.9707818484581128
